   no       number      divisors    2 3 5 71113171923293137414347535961677173
------------------------------------------------------------------------------
     0             1            1  
     1             2            2   1
     2             4            3   2
     3             6            4   1 1
     4            12            6   2 1
     5            24            8   3 1
     6            36            9   2 2
     7            48           10   4 1
     8            60           12   2 1 1
     9           120           16   3 1 1
    10           180           18   2 2 1
    11           240           20   4 1 1
    12           360           24   3 2 1
    13           720           30   4 2 1
    14           840           32   3 1 1 1
    15          1260           36   2 2 1 1
    16          1680           40   4 1 1 1
    17          2520           48   3 2 1 1
    18          5040           60   4 2 1 1
    19          7560           64   3 3 1 1
    20         10080           72   5 2 1 1
    21         15120           80   4 3 1 1
    22         20160           84   6 2 1 1
    23         25200           90   4 2 2 1
    24         27720           96   3 2 1 1 1
    25         45360          100   4 4 1 1
    26         50400          108   5 2 2 1
    27         55440          120   4 2 1 1 1
    28         83160          128   3 3 1 1 1
    29        110880          144   5 2 1 1 1
    30        166320          160   4 3 1 1 1
    31        221760          168   6 2 1 1 1
    32        277200          180   4 2 2 1 1
    33        332640          192   5 3 1 1 1
    34        498960          200   4 4 1 1 1
    35        554400          216   5 2 2 1 1
    36        665280          224   6 3 1 1 1
    37        720720          240   4 2 1 1 1 1
    38       1081080          256   3 3 1 1 1 1
    39       1441440          288   5 2 1 1 1 1
    40       2162160          320   4 3 1 1 1 1
    41       2882880          336   6 2 1 1 1 1
    42       3603600          360   4 2 2 1 1 1
    43       4324320          384   5 3 1 1 1 1
    44       6486480          400   4 4 1 1 1 1
    45       7207200          432   5 2 2 1 1 1
    46       8648640          448   6 3 1 1 1 1
    47      10810800          480   4 3 2 1 1 1
    48      14414400          504   6 2 2 1 1 1
    49      17297280          512   7 3 1 1 1 1
    50      21621600          576   5 3 2 1 1 1
    51      32432400          600   4 4 2 1 1 1
    52      36756720          640   4 3 1 1 1 1 1
    53      43243200          672   6 3 2 1 1 1
    54      61261200          720   4 2 2 1 1 1 1
    55      73513440          768   5 3 1 1 1 1 1
    56     110270160          800   4 4 1 1 1 1 1
    57     122522400          864   5 2 2 1 1 1 1
    58     147026880          896   6 3 1 1 1 1 1
    59     183783600          960   4 3 2 1 1 1 1

   no       number      divisors    2 3 5 71113171923293137414347535961677173
------------------------------------------------------------------------------
    60     245044800         1008   6 2 2 1 1 1 1
    61     294053760         1024   7 3 1 1 1 1 1
    62     367567200         1152   5 3 2 1 1 1 1
    63     551350800         1200   4 4 2 1 1 1 1
    64     698377680         1280   4 3 1 1 1 1 1 1
    65     735134400         1344   6 3 2 1 1 1 1
    66    1102701600         1440   5 4 2 1 1 1 1
    67    1396755360         1536   5 3 1 1 1 1 1 1
    68    2095133040         1600   4 4 1 1 1 1 1 1
    69    2205403200         1680   6 4 2 1 1 1 1
    70    2327925600         1728   5 2 2 1 1 1 1 1
    71    2793510720         1792   6 3 1 1 1 1 1 1
    72    3491888400         1920   4 3 2 1 1 1 1 1
    73    4655851200         2016   6 2 2 1 1 1 1 1
    74    5587021440         2048   7 3 1 1 1 1 1 1
    75    6983776800         2304   5 3 2 1 1 1 1 1
    76   10475665200         2400   4 4 2 1 1 1 1 1
    77   13967553600         2688   6 3 2 1 1 1 1 1
    78   20951330400         2880   5 4 2 1 1 1 1 1
    79   27935107200         3072   7 3 2 1 1 1 1 1
    80   41902660800         3360   6 4 2 1 1 1 1 1
    81   48886437600         3456   5 3 2 2 1 1 1 1
    82   64250746560         3584   6 3 1 1 1 1 1 1 1
    83   73329656400         3600   4 4 2 2 1 1 1 1
    84   80313433200         3840   4 3 2 1 1 1 1 1 1
    85   97772875200         4032   6 3 2 2 1 1 1 1
    86  128501493120         4096   7 3 1 1 1 1 1 1 1
    87  146659312800         4320   5 4 2 2 1 1 1 1
    88  160626866400         4608   5 3 2 1 1 1 1 1 1
    89  240940299600         4800   4 4 2 1 1 1 1 1 1
    90  293318625600         5040   6 4 2 2 1 1 1 1
    91  321253732800         5376   6 3 2 1 1 1 1 1 1
    92  481880599200         5760   5 4 2 1 1 1 1 1 1
    93  642507465600         6144   7 3 2 1 1 1 1 1 1
    94  963761198400         6720   6 4 2 1 1 1 1 1 1
    95 1.124388e+012         6912   5 3 2 2 1 1 1 1 1
    96 1.606269e+012         7168   6 3 3 1 1 1 1 1 1
    97 1.686582e+012         7200   4 4 2 2 1 1 1 1 1
    98 1.927522e+012         7680   7 4 2 1 1 1 1 1 1
    99 2.248776e+012         8064   6 3 2 2 1 1 1 1 1
   100 3.212537e+012         8192   7 3 3 1 1 1 1 1 1
   101 3.373164e+012         8640   5 4 2 2 1 1 1 1 1
   102 4.497552e+012         9216   7 3 2 2 1 1 1 1 1
   103 6.746328e+012        10080   6 4 2 2 1 1 1 1 1
   104 8.995105e+012        10368   8 3 2 2 1 1 1 1 1
   105 9.316358e+012        10752   6 3 2 1 1 1 1 1 1 1
   106 1.349266e+013        11520   7 4 2 2 1 1 1 1 1
   107 1.863272e+013        12288   7 3 2 1 1 1 1 1 1 1
   108 2.698531e+013        12960   8 4 2 2 1 1 1 1 1
   109 2.794907e+013        13440   6 4 2 1 1 1 1 1 1 1
   110 3.260725e+013        13824   5 3 2 2 1 1 1 1 1 1
   111 4.658179e+013        14336   6 3 3 1 1 1 1 1 1 1
   112 4.891088e+013        14400   4 4 2 2 1 1 1 1 1 1
   113 5.589815e+013        15360   7 4 2 1 1 1 1 1 1 1
   114 6.521451e+013        16128   6 3 2 2 1 1 1 1 1 1
   115 9.316358e+013        16384   7 3 3 1 1 1 1 1 1 1
   116 9.782176e+013        17280   5 4 2 2 1 1 1 1 1 1
   117 1.304290e+014        18432   7 3 2 2 1 1 1 1 1 1
   118 1.956435e+014        20160   6 4 2 2 1 1 1 1 1 1
   119 2.608580e+014        20736   8 3 2 2 1 1 1 1 1 1

   no       number      divisors    2 3 5 71113171923293137414347535961677173
------------------------------------------------------------------------------
   120 2.888071e+014        21504   6 3 2 1 1 1 1 1 1 1 1
   121 3.912870e+014        23040   7 4 2 2 1 1 1 1 1 1
   122 5.776142e+014        24576   7 3 2 1 1 1 1 1 1 1 1
   123 7.825741e+014        25920   8 4 2 2 1 1 1 1 1 1
   124 8.664213e+014        26880   6 4 2 1 1 1 1 1 1 1 1
   125 1.010825e+015        27648   5 3 2 2 1 1 1 1 1 1 1
   126 1.444036e+015        28672   6 3 3 1 1 1 1 1 1 1 1
   127 1.516237e+015        28800   4 4 2 2 1 1 1 1 1 1 1
   128 1.732843e+015        30720   7 4 2 1 1 1 1 1 1 1 1
   129 2.021650e+015        32256   6 3 2 2 1 1 1 1 1 1 1
   130 2.888071e+015        32768   7 3 3 1 1 1 1 1 1 1 1
   131 3.032475e+015        34560   5 4 2 2 1 1 1 1 1 1 1
   132 4.043299e+015        36864   7 3 2 2 1 1 1 1 1 1 1
   133 6.064949e+015        40320   6 4 2 2 1 1 1 1 1 1 1
   134 8.086599e+015        41472   8 3 2 2 1 1 1 1 1 1 1
   135 1.010825e+016        43008   6 3 3 2 1 1 1 1 1 1 1
   136 1.212990e+016        46080   7 4 2 2 1 1 1 1 1 1 1
   137 1.819485e+016        48384   6 5 2 2 1 1 1 1 1 1 1
   138 2.021650e+016        49152   7 3 3 2 1 1 1 1 1 1 1
   139 2.425980e+016        51840   8 4 2 2 1 1 1 1 1 1 1
   140 3.032475e+016        53760   6 4 3 2 1 1 1 1 1 1 1
   141 3.638970e+016        55296   7 5 2 2 1 1 1 1 1 1 1
   142 4.851959e+016        57600   9 4 2 2 1 1 1 1 1 1 1
   143 6.064949e+016        61440   7 4 3 2 1 1 1 1 1 1 1
   144 7.277939e+016        62208   8 5 2 2 1 1 1 1 1 1 1
   145 7.480104e+016        64512   6 3 2 2 1 1 1 1 1 1 1 1
   146 1.068586e+017        65536   7 3 3 1 1 1 1 1 1 1 1 1
   147 1.122016e+017        69120   5 4 2 2 1 1 1 1 1 1 1 1
   148 1.496021e+017        73728   7 3 2 2 1 1 1 1 1 1 1 1
   149 2.244031e+017        80640   6 4 2 2 1 1 1 1 1 1 1 1
   150 2.992042e+017        82944   8 3 2 2 1 1 1 1 1 1 1 1
   151 3.740052e+017        86016   6 3 3 2 1 1 1 1 1 1 1 1
   152 4.488062e+017        92160   7 4 2 2 1 1 1 1 1 1 1 1
   153 6.732094e+017        96768   6 5 2 2 1 1 1 1 1 1 1 1
   154 7.480104e+017        98304   7 3 3 2 1 1 1 1 1 1 1 1
   155 8.976125e+017       103680   8 4 2 2 1 1 1 1 1 1 1 1
   156 1.122016e+018       107520   6 4 3 2 1 1 1 1 1 1 1 1
   157 1.346419e+018       110592   7 5 2 2 1 1 1 1 1 1 1 1
   158 1.795225e+018       115200   9 4 2 2 1 1 1 1 1 1 1 1
   159 2.244031e+018       122880   7 4 3 2 1 1 1 1 1 1 1 1
   160 2.692837e+018       124416   8 5 2 2 1 1 1 1 1 1 1 1
   161 3.066843e+018       129024   6 3 2 2 1 1 1 1 1 1 1 1 1
   162 4.381204e+018       131072   7 3 3 1 1 1 1 1 1 1 1 1 1
   163 4.488062e+018       138240   8 4 3 2 1 1 1 1 1 1 1 1
   164 6.133685e+018       147456   7 3 2 2 1 1 1 1 1 1 1 1 1
   165 8.976125e+018       153600   9 4 3 2 1 1 1 1 1 1 1 1
   166 9.200528e+018       161280   6 4 2 2 1 1 1 1 1 1 1 1 1
   167 1.226737e+019       165888   8 3 2 2 1 1 1 1 1 1 1 1 1
   168 1.533421e+019       172032   6 3 3 2 1 1 1 1 1 1 1 1 1
   169 1.840106e+019       184320   7 4 2 2 1 1 1 1 1 1 1 1 1
   170 2.760158e+019       193536   6 5 2 2 1 1 1 1 1 1 1 1 1
   171 3.066843e+019       196608   7 3 3 2 1 1 1 1 1 1 1 1 1
   172 3.680211e+019       207360   8 4 2 2 1 1 1 1 1 1 1 1 1
   173 4.600264e+019       215040   6 4 3 2 1 1 1 1 1 1 1 1 1
   174 5.520317e+019       221184   7 5 2 2 1 1 1 1 1 1 1 1 1
   175 7.360422e+019       230400   9 4 2 2 1 1 1 1 1 1 1 1 1
   176 9.200528e+019       245760   7 4 3 2 1 1 1 1 1 1 1 1 1
   177 1.104063e+020       248832   8 5 2 2 1 1 1 1 1 1 1 1 1
   178 1.318742e+020       258048   6 3 2 2 1 1 1 1 1 1 1 1 1 1
   179 1.840106e+020       276480   8 4 3 2 1 1 1 1 1 1 1 1 1

   no       number      divisors    2 3 5 71113171923293137414347535961677173
------------------------------------------------------------------------------
   180 2.637485e+020       294912   7 3 2 2 1 1 1 1 1 1 1 1 1 1
   181 3.680211e+020       307200   9 4 3 2 1 1 1 1 1 1 1 1 1
   182 3.956227e+020       322560   6 4 2 2 1 1 1 1 1 1 1 1 1 1
   183 5.274969e+020       331776   8 3 2 2 1 1 1 1 1 1 1 1 1 1
   184 6.593712e+020       344064   6 3 3 2 1 1 1 1 1 1 1 1 1 1
   185 7.912454e+020       368640   7 4 2 2 1 1 1 1 1 1 1 1 1 1
   186 1.186868e+021       387072   6 5 2 2 1 1 1 1 1 1 1 1 1 1
   187 1.318742e+021       393216   7 3 3 2 1 1 1 1 1 1 1 1 1 1
   188 1.582491e+021       414720   8 4 2 2 1 1 1 1 1 1 1 1 1 1
   189 1.978114e+021       430080   6 4 3 2 1 1 1 1 1 1 1 1 1 1
   190 2.373736e+021       442368   7 5 2 2 1 1 1 1 1 1 1 1 1 1
   191 3.164982e+021       460800   9 4 2 2 1 1 1 1 1 1 1 1 1 1
   192 3.956227e+021       491520   7 4 3 2 1 1 1 1 1 1 1 1 1 1
   193 4.747472e+021       497664   8 5 2 2 1 1 1 1 1 1 1 1 1 1
   194 5.934341e+021       516096   6 5 3 2 1 1 1 1 1 1 1 1 1 1
   195 7.912454e+021       552960   8 4 3 2 1 1 1 1 1 1 1 1 1 1
   196 1.186868e+022       589824   7 5 3 2 1 1 1 1 1 1 1 1 1 1
   197 1.582491e+022       614400   9 4 3 2 1 1 1 1 1 1 1 1 1 1
   198 1.740740e+022       622080   8 4 2 2 2 1 1 1 1 1 1 1 1 1
   199 1.859427e+022       645120   6 4 2 2 1 1 1 1 1 1 1 1 1 1 1
   200 2.373736e+022       663552   8 5 3 2 1 1 1 1 1 1 1 1 1 1
   201 3.099045e+022       688128   6 3 3 2 1 1 1 1 1 1 1 1 1 1 1
   202 3.481480e+022       691200   9 4 2 2 2 1 1 1 1 1 1 1 1 1
   203 3.718853e+022       737280   7 4 2 2 1 1 1 1 1 1 1 1 1 1 1
   204 5.222220e+022       746496   8 5 2 2 2 1 1 1 1 1 1 1 1 1
   205 5.578280e+022       774144   6 5 2 2 1 1 1 1 1 1 1 1 1 1 1
   206 6.198089e+022       786432   7 3 3 2 1 1 1 1 1 1 1 1 1 1 1
   207 7.437707e+022       829440   8 4 2 2 1 1 1 1 1 1 1 1 1 1 1
   208 9.297134e+022       860160   6 4 3 2 1 1 1 1 1 1 1 1 1 1 1
   209 1.115656e+023       884736   7 5 2 2 1 1 1 1 1 1 1 1 1 1 1
   210 1.487541e+023       921600   9 4 2 2 1 1 1 1 1 1 1 1 1 1 1
   211 1.859427e+023       983040   7 4 3 2 1 1 1 1 1 1 1 1 1 1 1
   212 2.231312e+023       995328   8 5 2 2 1 1 1 1 1 1 1 1 1 1 1
   213 2.789140e+023      1032192   6 5 3 2 1 1 1 1 1 1 1 1 1 1 1
   214 3.718853e+023      1105920   8 4 3 2 1 1 1 1 1 1 1 1 1 1 1
   215 5.578280e+023      1179648   7 5 3 2 1 1 1 1 1 1 1 1 1 1 1
   216 7.437707e+023      1228800   9 4 3 2 1 1 1 1 1 1 1 1 1 1 1
   217 8.181477e+023      1244160   8 4 2 2 2 1 1 1 1 1 1 1 1 1 1
   218 9.854962e+023      1290240   6 4 2 2 1 1 1 1 1 1 1 1 1 1 1 1
   219 1.115656e+024      1327104   8 5 3 2 1 1 1 1 1 1 1 1 1 1 1
   220 1.487541e+024      1351680  10 4 3 2 1 1 1 1 1 1 1 1 1 1 1
   221 1.636295e+024      1382400   9 4 2 2 2 1 1 1 1 1 1 1 1 1 1
   222 1.970992e+024      1474560   7 4 2 2 1 1 1 1 1 1 1 1 1 1 1 1
   223 2.454443e+024      1492992   8 5 2 2 2 1 1 1 1 1 1 1 1 1 1
   224 2.956488e+024      1548288   6 5 2 2 1 1 1 1 1 1 1 1 1 1 1 1
   225 3.284987e+024      1572864   7 3 3 2 1 1 1 1 1 1 1 1 1 1 1 1
   226 3.941985e+024      1658880   8 4 2 2 1 1 1 1 1 1 1 1 1 1 1 1
   227 4.927481e+024      1720320   6 4 3 2 1 1 1 1 1 1 1 1 1 1 1 1
   228 5.912977e+024      1769472   7 5 2 2 1 1 1 1 1 1 1 1 1 1 1 1
   229 7.883969e+024      1843200   9 4 2 2 1 1 1 1 1 1 1 1 1 1 1 1
   230 9.854962e+024      1966080   7 4 3 2 1 1 1 1 1 1 1 1 1 1 1 1
   231 1.182595e+025      1990656   8 5 2 2 1 1 1 1 1 1 1 1 1 1 1 1
   232 1.478244e+025      2064384   6 5 3 2 1 1 1 1 1 1 1 1 1 1 1 1
   233 1.970992e+025      2211840   8 4 3 2 1 1 1 1 1 1 1 1 1 1 1 1
   234 2.956488e+025      2359296   7 5 3 2 1 1 1 1 1 1 1 1 1 1 1 1
   235 3.941985e+025      2457600   9 4 3 2 1 1 1 1 1 1 1 1 1 1 1 1
   236 4.336183e+025      2488320   8 4 2 2 2 1 1 1 1 1 1 1 1 1 1 1
   237 5.420229e+025      2580480   6 4 3 2 2 1 1 1 1 1 1 1 1 1 1 1
   238 5.912977e+025      2654208   8 5 3 2 1 1 1 1 1 1 1 1 1 1 1 1
   239 7.883969e+025      2703360  10 4 3 2 1 1 1 1 1 1 1 1 1 1 1 1

   no       number      divisors    2 3 5 71113171923293137414347535961677173
------------------------------------------------------------------------------
   240 8.672366e+025      2764800   9 4 2 2 2 1 1 1 1 1 1 1 1 1 1 1
   241 1.084046e+026      2949120   7 4 3 2 2 1 1 1 1 1 1 1 1 1 1 1
   242 1.300855e+026      2985984   8 5 2 2 2 1 1 1 1 1 1 1 1 1 1 1
   243 1.626069e+026      3096576   6 5 3 2 2 1 1 1 1 1 1 1 1 1 1 1
   244 1.938142e+026      3145728   7 3 3 2 1 1 1 1 1 1 1 1 1 1 1 1 1
   245 2.168092e+026      3317760   8 4 3 2 2 1 1 1 1 1 1 1 1 1 1 1
   246 2.907214e+026      3440640   6 4 3 2 1 1 1 1 1 1 1 1 1 1 1 1 1
   247 3.252137e+026      3538944   7 5 3 2 2 1 1 1 1 1 1 1 1 1 1 1
   248 4.336183e+026      3686400   9 4 3 2 2 1 1 1 1 1 1 1 1 1 1 1
   249 5.637038e+026      3732480   8 4 2 2 2 2 1 1 1 1 1 1 1 1 1 1
   250 5.814427e+026      3932160   7 4 3 2 1 1 1 1 1 1 1 1 1 1 1 1 1
   251 6.504275e+026      3981312   8 5 3 2 2 1 1 1 1 1 1 1 1 1 1 1
   252 8.672366e+026      4055040  10 4 3 2 2 1 1 1 1 1 1 1 1 1 1 1
   253 8.721641e+026      4128768   6 5 3 2 1 1 1 1 1 1 1 1 1 1 1 1 1
   254 1.084046e+027      4147200   8 4 4 2 2 1 1 1 1 1 1 1 1 1 1 1
   255 1.162885e+027      4423680   8 4 3 2 1 1 1 1 1 1 1 1 1 1 1 1 1
   256 1.691111e+027      4478976   8 5 2 2 2 2 1 1 1 1 1 1 1 1 1 1
   257 1.744328e+027      4718592   7 5 3 2 1 1 1 1 1 1 1 1 1 1 1 1 1
   258 2.325771e+027      4915200   9 4 3 2 1 1 1 1 1 1 1 1 1 1 1 1 1
   259 2.558348e+027      4976640   8 4 2 2 2 1 1 1 1 1 1 1 1 1 1 1 1
   260 3.197935e+027      5160960   6 4 3 2 2 1 1 1 1 1 1 1 1 1 1 1 1
   261 3.488656e+027      5308416   8 5 3 2 1 1 1 1 1 1 1 1 1 1 1 1 1
   262 4.651542e+027      5406720  10 4 3 2 1 1 1 1 1 1 1 1 1 1 1 1 1
   263 5.116696e+027      5529600   9 4 2 2 2 1 1 1 1 1 1 1 1 1 1 1 1
   264 6.395870e+027      5898240   7 4 3 2 2 1 1 1 1 1 1 1 1 1 1 1 1
   265 7.675044e+027      5971968   8 5 2 2 2 1 1 1 1 1 1 1 1 1 1 1 1
   266 9.593805e+027      6193152   6 5 3 2 2 1 1 1 1 1 1 1 1 1 1 1 1
   267 1.182267e+028      6291456   7 3 3 2 1 1 1 1 1 1 1 1 1 1 1 1 1 1
   268 1.279174e+028      6635520   8 4 3 2 2 1 1 1 1 1 1 1 1 1 1 1 1
   269 1.773400e+028      6881280   6 4 3 2 1 1 1 1 1 1 1 1 1 1 1 1 1 1
   270 1.918761e+028      7077888   7 5 3 2 2 1 1 1 1 1 1 1 1 1 1 1 1
   271 2.558348e+028      7372800   9 4 3 2 2 1 1 1 1 1 1 1 1 1 1 1 1
   272 3.325852e+028      7464960   8 4 2 2 2 2 1 1 1 1 1 1 1 1 1 1 1
   273 3.546801e+028      7864320   7 4 3 2 1 1 1 1 1 1 1 1 1 1 1 1 1 1
   274 3.837522e+028      7962624   8 5 3 2 2 1 1 1 1 1 1 1 1 1 1 1 1
   275 5.116696e+028      8110080  10 4 3 2 2 1 1 1 1 1 1 1 1 1 1 1 1
   276 5.320201e+028      8257536   6 5 3 2 1 1 1 1 1 1 1 1 1 1 1 1 1 1
   277 6.395870e+028      8294400   8 4 4 2 2 1 1 1 1 1 1 1 1 1 1 1 1
   278 7.093601e+028      8847360   8 4 3 2 1 1 1 1 1 1 1 1 1 1 1 1 1 1
   279 9.977557e+028      8957952   8 5 2 2 2 2 1 1 1 1 1 1 1 1 1 1 1
   280 1.064040e+029      9437184   7 5 3 2 1 1 1 1 1 1 1 1 1 1 1 1 1 1
   281 1.418720e+029      9830400   9 4 3 2 1 1 1 1 1 1 1 1 1 1 1 1 1 1
   282 1.560592e+029      9953280   8 4 2 2 2 1 1 1 1 1 1 1 1 1 1 1 1 1
   283 1.950740e+029     10321920   6 4 3 2 2 1 1 1 1 1 1 1 1 1 1 1 1 1
   284 2.128080e+029     10616832   8 5 3 2 1 1 1 1 1 1 1 1 1 1 1 1 1 1
   285 2.837441e+029     10813440  10 4 3 2 1 1 1 1 1 1 1 1 1 1 1 1 1 1
   286 3.121185e+029     11059200   9 4 2 2 2 1 1 1 1 1 1 1 1 1 1 1 1 1
   287 3.901481e+029     11796480   7 4 3 2 2 1 1 1 1 1 1 1 1 1 1 1 1 1
   288 4.681777e+029     11943936   8 5 2 2 2 1 1 1 1 1 1 1 1 1 1 1 1 1
   289 5.852221e+029     12386304   6 5 3 2 2 1 1 1 1 1 1 1 1 1 1 1 1 1
   290 7.448281e+029     12582912   7 5 3 3 1 1 1 1 1 1 1 1 1 1 1 1 1 1
   291 7.802961e+029     13271040   8 4 3 2 2 1 1 1 1 1 1 1 1 1 1 1 1 1
   292 1.170444e+030     14155776   7 5 3 2 2 1 1 1 1 1 1 1 1 1 1 1 1 1
   293 1.560592e+030     14745600   9 4 3 2 2 1 1 1 1 1 1 1 1 1 1 1 1 1
   294 2.028770e+030     14929920   8 4 2 2 2 2 1 1 1 1 1 1 1 1 1 1 1 1
   295 2.340888e+030     15925248   8 5 3 2 2 1 1 1 1 1 1 1 1 1 1 1 1 1
   296 3.121185e+030     16220160  10 4 3 2 2 1 1 1 1 1 1 1 1 1 1 1 1 1
   297 3.511333e+030     16515072   7 6 3 2 2 1 1 1 1 1 1 1 1 1 1 1 1 1
   298 3.901481e+030     16588800   8 4 4 2 2 1 1 1 1 1 1 1 1 1 1 1 1 1
   299 4.681777e+030     17694720   9 5 3 2 2 1 1 1 1 1 1 1 1 1 1 1 1 1

   no       number      divisors    2 3 5 71113171923293137414347535961677173
------------------------------------------------------------------------------
   300 6.086310e+030     17915904   8 5 2 2 2 2 1 1 1 1 1 1 1 1 1 1 1 1
   301 7.022665e+030     18579456   8 6 3 2 2 1 1 1 1 1 1 1 1 1 1 1 1 1
   302 7.129069e+030     18874368   7 5 3 2 1 1 1 1 1 1 1 1 1 1 1 1 1 1 1
   303 9.363554e+030     19464192  10 5 3 2 2 1 1 1 1 1 1 1 1 1 1 1 1 1
   304 9.505426e+030     19660800   9 4 3 2 1 1 1 1 1 1 1 1 1 1 1 1 1 1 1
   305 1.014385e+031     19906560   8 4 3 2 2 2 1 1 1 1 1 1 1 1 1 1 1 1
   306 1.306996e+031     20643840   6 4 3 2 2 1 1 1 1 1 1 1 1 1 1 1 1 1 1
   307 1.425814e+031     21233664   8 5 3 2 1 1 1 1 1 1 1 1 1 1 1 1 1 1 1
   308 1.901085e+031     21626880  10 4 3 2 1 1 1 1 1 1 1 1 1 1 1 1 1 1 1
   309 2.028770e+031     22118400   9 4 3 2 2 2 1 1 1 1 1 1 1 1 1 1 1 1
   310 2.613992e+031     23592960   7 4 3 2 2 1 1 1 1 1 1 1 1 1 1 1 1 1 1
   311 3.043155e+031     23887872   8 5 3 2 2 2 1 1 1 1 1 1 1 1 1 1 1 1
   312 3.920988e+031     24772608   6 5 3 2 2 1 1 1 1 1 1 1 1 1 1 1 1 1 1
   313 4.990349e+031     25165824   7 5 3 3 1 1 1 1 1 1 1 1 1 1 1 1 1 1 1
   314 5.227984e+031     26542080   8 4 3 2 2 1 1 1 1 1 1 1 1 1 1 1 1 1 1
   315 7.841976e+031     28311552   7 5 3 2 2 1 1 1 1 1 1 1 1 1 1 1 1 1 1
   316 1.045597e+032     29491200   9 4 3 2 2 1 1 1 1 1 1 1 1 1 1 1 1 1 1
   317 1.359276e+032     29859840   8 4 2 2 2 2 1 1 1 1 1 1 1 1 1 1 1 1 1
   318 1.568395e+032     31850496   8 5 3 2 2 1 1 1 1 1 1 1 1 1 1 1 1 1 1
   319 2.091194e+032     32440320  10 4 3 2 2 1 1 1 1 1 1 1 1 1 1 1 1 1 1
   320 2.352593e+032     33030144   7 6 3 2 2 1 1 1 1 1 1 1 1 1 1 1 1 1 1
   321 2.613992e+032     33177600   8 4 4 2 2 1 1 1 1 1 1 1 1 1 1 1 1 1 1
   322 3.136790e+032     35389440   9 5 3 2 2 1 1 1 1 1 1 1 1 1 1 1 1 1 1
   323 4.077828e+032     35831808   8 5 2 2 2 2 1 1 1 1 1 1 1 1 1 1 1 1 1
   324 4.705186e+032     37158912   8 6 3 2 2 1 1 1 1 1 1 1 1 1 1 1 1 1 1
   325 5.061639e+032     37748736   7 5 3 2 1 1 1 1 1 1 1 1 1 1 1 1 1 1 1 1
   326 6.273581e+032     38928384  10 5 3 2 2 1 1 1 1 1 1 1 1 1 1 1 1 1 1
   327 6.748852e+032     39321600   9 4 3 2 1 1 1 1 1 1 1 1 1 1 1 1 1 1 1 1
   328 6.796379e+032     39813120   8 4 3 2 2 2 1 1 1 1 1 1 1 1 1 1 1 1 1
   329 9.279672e+032     41287680   6 4 3 2 2 1 1 1 1 1 1 1 1 1 1 1 1 1 1 1
   330 1.012328e+033     42467328   8 5 3 2 1 1 1 1 1 1 1 1 1 1 1 1 1 1 1 1
   331 1.349770e+033     43253760  10 4 3 2 1 1 1 1 1 1 1 1 1 1 1 1 1 1 1 1
   332 1.359276e+033     44236800   9 4 3 2 2 2 1 1 1 1 1 1 1 1 1 1 1 1 1
   333 1.855934e+033     47185920   7 4 3 2 2 1 1 1 1 1 1 1 1 1 1 1 1 1 1 1
   334 2.038914e+033     47775744   8 5 3 2 2 2 1 1 1 1 1 1 1 1 1 1 1 1 1
   335 2.718552e+033     48660480  10 4 3 2 2 2 1 1 1 1 1 1 1 1 1 1 1 1 1
   336 2.783902e+033     49545216   6 5 3 2 2 1 1 1 1 1 1 1 1 1 1 1 1 1 1 1
   337 3.398190e+033     49766400   8 4 4 2 2 2 1 1 1 1 1 1 1 1 1 1 1 1 1
   338 3.543147e+033     50331648   7 5 3 3 1 1 1 1 1 1 1 1 1 1 1 1 1 1 1 1
   339 3.711869e+033     53084160   8 4 3 2 2 1 1 1 1 1 1 1 1 1 1 1 1 1 1 1
   340 5.567803e+033     56623104   7 5 3 2 2 1 1 1 1 1 1 1 1 1 1 1 1 1 1 1
   341 7.423738e+033     58982400   9 4 3 2 2 1 1 1 1 1 1 1 1 1 1 1 1 1 1 1
   342 9.650859e+033     59719680   8 4 2 2 2 2 1 1 1 1 1 1 1 1 1 1 1 1 1 1
   343 1.113561e+034     63700992   8 5 3 2 2 1 1 1 1 1 1 1 1 1 1 1 1 1 1 1
   344 1.484748e+034     64880640  10 4 3 2 2 1 1 1 1 1 1 1 1 1 1 1 1 1 1 1
   345 1.670341e+034     66060288   7 6 3 2 2 1 1 1 1 1 1 1 1 1 1 1 1 1 1 1
   346 1.855934e+034     66355200   8 4 4 2 2 1 1 1 1 1 1 1 1 1 1 1 1 1 1 1
   347 2.227121e+034     70778880   9 5 3 2 2 1 1 1 1 1 1 1 1 1 1 1 1 1 1 1
   348 2.895258e+034     71663616   8 5 2 2 2 2 1 1 1 1 1 1 1 1 1 1 1 1 1 1
   349 3.340682e+034     74317824   8 6 3 2 2 1 1 1 1 1 1 1 1 1 1 1 1 1 1 1
   350 3.694997e+034     75497472   7 5 3 2 1 1 1 1 1 1 1 1 1 1 1 1 1 1 1 1 1
   351 4.454243e+034     77856768  10 5 3 2 2 1 1 1 1 1 1 1 1 1 1 1 1 1 1 1
   352 4.825429e+034     79626240   8 4 3 2 2 2 1 1 1 1 1 1 1 1 1 1 1 1 1 1
   353 6.681364e+034     82575360   9 6 3 2 2 1 1 1 1 1 1 1 1 1 1 1 1 1 1 1
   354 7.238144e+034     84934656   7 5 3 2 2 2 1 1 1 1 1 1 1 1 1 1 1 1 1 1
   355 9.650859e+034     88473600   9 4 3 2 2 2 1 1 1 1 1 1 1 1 1 1 1 1 1 1
   356 1.336273e+035     90832896  10 6 3 2 2 1 1 1 1 1 1 1 1 1 1 1 1 1 1 1
   357 1.354832e+035     94371840   7 4 3 2 2 1 1 1 1 1 1 1 1 1 1 1 1 1 1 1 1
   358 1.447629e+035     95551488   8 5 3 2 2 2 1 1 1 1 1 1 1 1 1 1 1 1 1 1
   359 1.930172e+035     97320960  10 4 3 2 2 2 1 1 1 1 1 1 1 1 1 1 1 1 1 1

   no       number      divisors    2 3 5 71113171923293137414347535961677173
------------------------------------------------------------------------------
   360 2.032248e+035     99090432   6 5 3 2 2 1 1 1 1 1 1 1 1 1 1 1 1 1 1 1 1
   361 2.412715e+035     99532800   8 4 4 2 2 2 1 1 1 1 1 1 1 1 1 1 1 1 1 1
   362 2.586498e+035    100663296   7 5 3 3 1 1 1 1 1 1 1 1 1 1 1 1 1 1 1 1 1
   363 2.709664e+035    106168320   8 4 3 2 2 1 1 1 1 1 1 1 1 1 1 1 1 1 1 1 1
   364 4.064496e+035    113246208   7 5 3 2 2 1 1 1 1 1 1 1 1 1 1 1 1 1 1 1 1
   365 5.419328e+035    117964800   9 4 3 2 2 1 1 1 1 1 1 1 1 1 1 1 1 1 1 1 1
   366 7.045127e+035    119439360   8 4 2 2 2 2 1 1 1 1 1 1 1 1 1 1 1 1 1 1 1
   367 8.128993e+035    127401984   8 5 3 2 2 1 1 1 1 1 1 1 1 1 1 1 1 1 1 1 1
   368 1.083866e+036    129761280  10 4 3 2 2 1 1 1 1 1 1 1 1 1 1 1 1 1 1 1 1
   369 1.219349e+036    132120576   7 6 3 2 2 1 1 1 1 1 1 1 1 1 1 1 1 1 1 1 1
   370 1.354832e+036    132710400   8 4 4 2 2 1 1 1 1 1 1 1 1 1 1 1 1 1 1 1 1
   371 1.625799e+036    141557760   9 5 3 2 2 1 1 1 1 1 1 1 1 1 1 1 1 1 1 1 1
   372 2.113538e+036    143327232   8 5 2 2 2 2 1 1 1 1 1 1 1 1 1 1 1 1 1 1 1
   373 2.438698e+036    148635648   8 6 3 2 2 1 1 1 1 1 1 1 1 1 1 1 1 1 1 1 1
   374 2.845147e+036    150994944   7 5 3 3 2 1 1 1 1 1 1 1 1 1 1 1 1 1 1 1 1
   375 3.251597e+036    155713536  10 5 3 2 2 1 1 1 1 1 1 1 1 1 1 1 1 1 1 1 1
   376 3.522563e+036    159252480   8 4 3 2 2 2 1 1 1 1 1 1 1 1 1 1 1 1 1 1 1
   377 4.877396e+036    165150720   9 6 3 2 2 1 1 1 1 1 1 1 1 1 1 1 1 1 1 1 1
   378 5.283845e+036    169869312   7 5 3 2 2 2 1 1 1 1 1 1 1 1 1 1 1 1 1 1 1
   379 7.045127e+036    176947200   9 4 3 2 2 2 1 1 1 1 1 1 1 1 1 1 1 1 1 1 1
   380 9.754791e+036    181665792  10 6 3 2 2 1 1 1 1 1 1 1 1 1 1 1 1 1 1 1 1
   381 1.056769e+037    191102976   8 5 3 2 2 2 1 1 1 1 1 1 1 1 1 1 1 1 1 1 1
   382 1.409025e+037    194641920  10 4 3 2 2 2 1 1 1 1 1 1 1 1 1 1 1 1 1 1 1
   383 1.585154e+037    198180864   7 6 3 2 2 2 1 1 1 1 1 1 1 1 1 1 1 1 1 1 1
   384 1.761282e+037    199065600   8 4 4 2 2 2 1 1 1 1 1 1 1 1 1 1 1 1 1 1 1
   385 2.043333e+037    201326592   7 5 3 3 1 1 1 1 1 1 1 1 1 1 1 1 1 1 (22) 
   386 2.113538e+037    212336640   9 5 3 2 2 2 1 1 1 1 1 1 1 1 1 1 1 1 1 1 1
   387 3.170307e+037    222953472   8 6 3 2 2 2 1 1 1 1 1 1 1 1 1 1 1 1 1 1 1
   388 3.210952e+037    226492416   7 5 3 2 2 1 1 1 1 1 1 1 1 1 1 1 1 1 (22) 
   389 4.227076e+037    233570304  10 5 3 2 2 2 1 1 1 1 1 1 1 1 1 1 1 1 1 1 1
   390 4.281269e+037    235929600   9 4 3 2 2 1 1 1 1 1 1 1 1 1 1 1 1 1 (22) 
   391 5.283845e+037    238878720   8 5 4 2 2 2 1 1 1 1 1 1 1 1 1 1 1 1 1 1 1
   392 6.340614e+037    247726080   9 6 3 2 2 2 1 1 1 1 1 1 1 1 1 1 1 1 1 1 1
   393 6.421904e+037    254803968   8 5 3 2 2 1 1 1 1 1 1 1 1 1 1 1 1 1 (22) 
   394 8.562539e+037    259522560  10 4 3 2 2 1 1 1 1 1 1 1 1 1 1 1 1 1 (22) 
   395 9.632856e+037    264241152   7 6 3 2 2 1 1 1 1 1 1 1 1 1 1 1 1 1 (22) 
   396 1.056769e+038    265420800   9 5 4 2 2 2 1 1 1 1 1 1 1 1 1 1 1 1 1 1 1
   397 1.268123e+038    272498688  10 6 3 2 2 2 1 1 1 1 1 1 1 1 1 1 1 1 1 1 1
   398 1.284381e+038    283115520   9 5 3 2 2 1 1 1 1 1 1 1 1 1 1 1 1 1 (22) 
   399 1.669695e+038    286654464   8 5 2 2 2 2 1 1 1 1 1 1 1 1 1 1 1 1 (22) 
   400 1.926571e+038    297271296   8 6 3 2 2 1 1 1 1 1 1 1 1 1 1 1 1 1 (22) 
   401 2.247666e+038    301989888   7 5 3 3 2 1 1 1 1 1 1 1 1 1 1 1 1 1 (22) 
   402 2.568762e+038    311427072  10 5 3 2 2 1 1 1 1 1 1 1 1 1 1 1 1 1 (22) 
   403 2.782825e+038    318504960   8 4 3 2 2 2 1 1 1 1 1 1 1 1 1 1 1 1 (22) 
   404 3.853142e+038    330301440   9 6 3 2 2 1 1 1 1 1 1 1 1 1 1 1 1 1 (22) 
   405 4.174238e+038    339738624   7 5 3 2 2 2 1 1 1 1 1 1 1 1 1 1 1 1 (22) 
   406 5.565650e+038    353894400   9 4 3 2 2 2 1 1 1 1 1 1 1 1 1 1 1 1 (22) 
   407 7.706285e+038    363331584  10 6 3 2 2 1 1 1 1 1 1 1 1 1 1 1 1 1 (22) 
   408 8.348475e+038    382205952   8 5 3 2 2 2 1 1 1 1 1 1 1 1 1 1 1 1 (22) 
   409 1.113130e+039    389283840  10 4 3 2 2 2 1 1 1 1 1 1 1 1 1 1 1 1 (22) 
   410 1.252271e+039    396361728   7 6 3 2 2 2 1 1 1 1 1 1 1 1 1 1 1 1 (22) 
   411 1.391413e+039    398131200   8 4 4 2 2 2 1 1 1 1 1 1 1 1 1 1 1 1 (22) 
   412 1.669695e+039    424673280   9 5 3 2 2 2 1 1 1 1 1 1 1 1 1 1 1 1 (22) 
   413 2.504543e+039    445906944   8 6 3 2 2 2 1 1 1 1 1 1 1 1 1 1 1 1 (22) 
   414 2.665090e+039    452984832   7 5 3 2 2 1 1 1 1 1 1 1 1 1 1 1 1 1 (23) 
   415 3.339390e+039    467140608  10 5 3 2 2 2 1 1 1 1 1 1 1 1 1 1 1 1 (22) 
   416 3.553454e+039    471859200   9 4 3 2 2 1 1 1 1 1 1 1 1 1 1 1 1 1 (23) 
   417 4.174238e+039    477757440   8 5 4 2 2 2 1 1 1 1 1 1 1 1 1 1 1 1 (22) 
   418 5.009085e+039    495452160   9 6 3 2 2 2 1 1 1 1 1 1 1 1 1 1 1 1 (22) 
   419 5.330180e+039    509607936   8 5 3 2 2 1 1 1 1 1 1 1 1 1 1 1 1 1 (23) 

   no       number      divisors    2 3 5 71113171923293137414347535961677173
------------------------------------------------------------------------------
   420 7.106907e+039    519045120  10 4 3 2 2 1 1 1 1 1 1 1 1 1 1 1 1 1 (23) 
   421 7.995271e+039    528482304   7 6 3 2 2 1 1 1 1 1 1 1 1 1 1 1 1 1 (23) 
   422 8.348475e+039    530841600   9 5 4 2 2 2 1 1 1 1 1 1 1 1 1 1 1 1 (22) 
   423 1.001817e+040    544997376  10 6 3 2 2 2 1 1 1 1 1 1 1 1 1 1 1 1 (22) 
   424 1.066036e+040    566231040   9 5 3 2 2 1 1 1 1 1 1 1 1 1 1 1 1 1 (23) 
   425 1.385847e+040    573308928   8 5 2 2 2 2 1 1 1 1 1 1 1 1 1 1 1 1 (23) 
   426 1.599054e+040    594542592   8 6 3 2 2 1 1 1 1 1 1 1 1 1 1 1 1 1 (23) 
   427 1.865563e+040    603979776   7 5 3 3 2 1 1 1 1 1 1 1 1 1 1 1 1 1 (23) 
   428 2.132072e+040    622854144  10 5 3 2 2 1 1 1 1 1 1 1 1 1 1 1 1 1 (23) 
   429 2.309745e+040    637009920   8 4 3 2 2 2 1 1 1 1 1 1 1 1 1 1 1 1 (23) 
   430 3.198108e+040    660602880   9 6 3 2 2 1 1 1 1 1 1 1 1 1 1 1 1 1 (23) 
   431 3.464617e+040    679477248   7 5 3 2 2 2 1 1 1 1 1 1 1 1 1 1 1 1 (23) 
   432 4.619490e+040    707788800   9 4 3 2 2 2 1 1 1 1 1 1 1 1 1 1 1 1 (23) 
   433 6.396217e+040    726663168  10 6 3 2 2 1 1 1 1 1 1 1 1 1 1 1 1 1 (23) 
   434 6.929235e+040    764411904   8 5 3 2 2 2 1 1 1 1 1 1 1 1 1 1 1 1 (23) 
   435 9.238979e+040    778567680  10 4 3 2 2 2 1 1 1 1 1 1 1 1 1 1 1 1 (23) 
   436 1.039385e+041    792723456   7 6 3 2 2 2 1 1 1 1 1 1 1 1 1 1 1 1 (23) 
   437 1.154872e+041    796262400   8 4 4 2 2 2 1 1 1 1 1 1 1 1 1 1 1 1 (23) 
   438 1.385847e+041    849346560   9 5 3 2 2 2 1 1 1 1 1 1 1 1 1 1 1 1 (23) 
   439 2.078770e+041    891813888   8 6 3 2 2 2 1 1 1 1 1 1 1 1 1 1 1 1 (23) 
   440 2.371930e+041    905969664   7 5 3 2 2 1 1 1 1 1 1 1 1 1 1 1 1 1 (24) 
   441 2.771694e+041    934281216  10 5 3 2 2 2 1 1 1 1 1 1 1 1 1 1 1 1 (23) 
   442 3.162574e+041    943718400   9 4 3 2 2 1 1 1 1 1 1 1 1 1 1 1 1 1 (24) 
   443 3.464617e+041    955514880   8 5 4 2 2 2 1 1 1 1 1 1 1 1 1 1 1 1 (23) 
   444 4.157541e+041    990904320   9 6 3 2 2 2 1 1 1 1 1 1 1 1 1 1 1 1 (23) 
   445 4.743861e+041   1019215872   8 5 3 2 2 1 1 1 1 1 1 1 1 1 1 1 1 1 (24) 
   446 6.325147e+041   1038090240  10 4 3 2 2 1 1 1 1 1 1 1 1 1 1 1 1 1 (24) 
   447 6.929235e+041   1061683200   9 5 4 2 2 2 1 1 1 1 1 1 1 1 1 1 1 1 (23) 
   448 8.315081e+041   1089994752  10 6 3 2 2 2 1 1 1 1 1 1 1 1 1 1 1 1 (23) 
   449 9.487721e+041   1132462080   9 5 3 2 2 1 1 1 1 1 1 1 1 1 1 1 1 1 (24) 
   450 1.177970e+042   1146617856   8 5 3 2 2 2 2 1 1 1 1 1 1 1 1 1 1 1 (23) 
   451 1.385847e+042   1167851520  10 5 4 2 2 2 1 1 1 1 1 1 1 1 1 1 1 1 (23) 
   452 1.423158e+042   1189085184   8 6 3 2 2 1 1 1 1 1 1 1 1 1 1 1 1 1 (24) 
   453 1.660351e+042   1207959552   7 5 3 3 2 1 1 1 1 1 1 1 1 1 1 1 1 1 (24) 
   454 1.897544e+042   1245708288  10 5 3 2 2 1 1 1 1 1 1 1 1 1 1 1 1 1 (24) 
   455 2.055673e+042   1274019840   8 4 3 2 2 2 1 1 1 1 1 1 1 1 1 1 1 1 (24) 
   456 2.846316e+042   1321205760   9 6 3 2 2 1 1 1 1 1 1 1 1 1 1 1 1 1 (24) 
   457 3.083509e+042   1358954496   7 5 3 2 2 2 1 1 1 1 1 1 1 1 1 1 1 1 (24) 
   458 4.111346e+042   1415577600   9 4 3 2 2 2 1 1 1 1 1 1 1 1 1 1 1 1 (24) 
   459 5.692633e+042   1453326336  10 6 3 2 2 1 1 1 1 1 1 1 1 1 1 1 1 1 (24) 
   460 6.167019e+042   1528823808   8 5 3 2 2 2 1 1 1 1 1 1 1 1 1 1 1 1 (24) 
   461 8.222692e+042   1557135360  10 4 3 2 2 2 1 1 1 1 1 1 1 1 1 1 1 1 (24) 
   462 9.250528e+042   1585446912   7 6 3 2 2 2 1 1 1 1 1 1 1 1 1 1 1 1 (24) 
   463 1.027836e+043   1592524800   8 4 4 2 2 2 1 1 1 1 1 1 1 1 1 1 1 1 (24) 
   464 1.233404e+043   1698693120   9 5 3 2 2 2 1 1 1 1 1 1 1 1 1 1 1 1 (24) 
   465 1.850106e+043   1783627776   8 6 3 2 2 2 1 1 1 1 1 1 1 1 1 1 1 1 (24) 
   466 2.158457e+043   1811939328   7 5 3 3 2 2 1 1 1 1 1 1 1 1 1 1 1 1 (24) 
   467 2.466808e+043   1868562432  10 5 3 2 2 2 1 1 1 1 1 1 1 1 1 1 1 1 (24) 
   468 2.877942e+043   1887436800   9 4 3 3 2 2 1 1 1 1 1 1 1 1 1 1 1 1 (24) 
   469 3.083509e+043   1911029760   8 5 4 2 2 2 1 1 1 1 1 1 1 1 1 1 1 1 (24) 
   470 3.700211e+043   1981808640   9 6 3 2 2 2 1 1 1 1 1 1 1 1 1 1 1 1 (24) 
   471 4.316913e+043   2038431744   8 5 3 3 2 2 1 1 1 1 1 1 1 1 1 1 1 1 (24) 
   472 5.755884e+043   2076180480  10 4 3 3 2 2 1 1 1 1 1 1 1 1 1 1 1 1 (24) 
   473 6.167019e+043   2123366400   9 5 4 2 2 2 1 1 1 1 1 1 1 1 1 1 1 1 (24) 
   474 7.400423e+043   2179989504  10 6 3 2 2 2 1 1 1 1 1 1 1 1 1 1 1 1 (24) 
   475 8.633826e+043   2264924160   9 5 3 3 2 2 1 1 1 1 1 1 1 1 1 1 1 1 (24) 
   476 1.048393e+044   2293235712   8 5 3 2 2 2 2 1 1 1 1 1 1 1 1 1 1 1 (24) 
   477 1.233404e+044   2335703040  10 5 4 2 2 2 1 1 1 1 1 1 1 1 1 1 1 1 (24) 
   478 1.295074e+044   2378170368   8 6 3 3 2 2 1 1 1 1 1 1 1 1 1 1 1 1 (24) 
   479 1.610541e+044   2415919104   7 5 3 3 2 1 1 1 1 1 1 1 1 1 1 1 1 1 (25) 

   no       number      divisors    2 3 5 71113171923293137414347535961677173
------------------------------------------------------------------------------
   480 1.726765e+044   2491416576  10 5 3 3 2 2 1 1 1 1 1 1 1 1 1 1 1 1 (24) 
   481 1.994003e+044   2548039680   8 4 3 2 2 2 1 1 1 1 1 1 1 1 1 1 1 1 (25) 
   482 2.590148e+044   2642411520   9 6 3 3 2 2 1 1 1 1 1 1 1 1 1 1 1 1 (24) 
   483 2.991004e+044   2717908992   7 5 3 2 2 2 1 1 1 1 1 1 1 1 1 1 1 1 (25) 
   484 3.700211e+044   2724986880  10 6 4 2 2 2 1 1 1 1 1 1 1 1 1 1 1 1 (24) 
   485 3.988005e+044   2831155200   9 4 3 2 2 2 1 1 1 1 1 1 1 1 1 1 1 1 (25) 
   486 5.180296e+044   2906652672  10 6 3 3 2 2 1 1 1 1 1 1 1 1 1 1 1 1 (24) 
   487 5.982008e+044   3057647616   8 5 3 2 2 2 1 1 1 1 1 1 1 1 1 1 1 1 (25) 
   488 7.976011e+044   3114270720  10 4 3 2 2 2 1 1 1 1 1 1 1 1 1 1 1 1 (25) 
   489 8.973012e+044   3170893824   7 6 3 2 2 2 1 1 1 1 1 1 1 1 1 1 1 1 (25) 
   490 9.970014e+044   3185049600   8 4 4 2 2 2 1 1 1 1 1 1 1 1 1 1 1 1 (25) 
   491 1.196402e+045   3397386240   9 5 3 2 2 2 1 1 1 1 1 1 1 1 1 1 1 1 (25) 
   492 1.794602e+045   3567255552   8 6 3 2 2 2 1 1 1 1 1 1 1 1 1 1 1 1 (25) 
   493 2.093703e+045   3623878656   7 5 3 3 2 2 1 1 1 1 1 1 1 1 1 1 1 1 (25) 
   494 2.392803e+045   3737124864  10 5 3 2 2 2 1 1 1 1 1 1 1 1 1 1 1 1 (25) 
   495 2.791604e+045   3774873600   9 4 3 3 2 2 1 1 1 1 1 1 1 1 1 1 1 1 (25) 
   496 2.991004e+045   3822059520   8 5 4 2 2 2 1 1 1 1 1 1 1 1 1 1 1 1 (25) 
   497 3.589205e+045   3963617280   9 6 3 2 2 2 1 1 1 1 1 1 1 1 1 1 1 1 (25) 
   498 4.187406e+045   4076863488   8 5 3 3 2 2 1 1 1 1 1 1 1 1 1 1 1 1 (25) 
   499 5.583208e+045   4152360960  10 4 3 3 2 2 1 1 1 1 1 1 1 1 1 1 1 1 (25) 
   500 5.982008e+045   4246732800   9 5 4 2 2 2 1 1 1 1 1 1 1 1 1 1 1 1 (25) 
   501 7.178410e+045   4359979008  10 6 3 2 2 2 1 1 1 1 1 1 1 1 1 1 1 1 (25) 
   502 8.374811e+045   4529848320   9 5 3 3 2 2 1 1 1 1 1 1 1 1 1 1 1 1 (25) 
   503 1.016941e+046   4586471424   8 5 3 2 2 2 2 1 1 1 1 1 1 1 1 1 1 1 (25) 
   504 1.196402e+046   4671406080  10 5 4 2 2 2 1 1 1 1 1 1 1 1 1 1 1 1 (25) 
   505 1.256222e+046   4756340736   8 6 3 3 2 2 1 1 1 1 1 1 1 1 1 1 1 1 (25) 
   506 1.626646e+046   4831838208   7 5 3 3 2 1 1 1 1 1 1 1 1 1 1 1 1 1 (26) 
   507 1.674962e+046   4982833152  10 5 3 3 2 2 1 1 1 1 1 1 1 1 1 1 1 1 (25) 
   508 2.013943e+046   5096079360   8 4 3 2 2 2 1 1 1 1 1 1 1 1 1 1 1 1 (26) 
   509 2.512443e+046   5284823040   9 6 3 3 2 2 1 1 1 1 1 1 1 1 1 1 1 1 (25) 
   510 3.020914e+046   5435817984   7 5 3 2 2 2 1 1 1 1 1 1 1 1 1 1 1 1 (26) 
   511 3.589205e+046   5449973760  10 6 4 2 2 2 1 1 1 1 1 1 1 1 1 1 1 1 (25) 
   512 4.027886e+046   5662310400   9 4 3 2 2 2 1 1 1 1 1 1 1 1 1 1 1 1 (26) 
   513 5.024887e+046   5813305344  10 6 3 3 2 2 1 1 1 1 1 1 1 1 1 1 1 1 (25) 
   514 6.041828e+046   6115295232   8 5 3 2 2 2 1 1 1 1 1 1 1 1 1 1 1 1 (26) 
   515 8.055771e+046   6228541440  10 4 3 2 2 2 1 1 1 1 1 1 1 1 1 1 1 1 (26) 
   516 9.062742e+046   6341787648   7 6 3 2 2 2 1 1 1 1 1 1 1 1 1 1 1 1 (26) 
   517 1.006971e+047   6370099200   8 4 4 2 2 2 1 1 1 1 1 1 1 1 1 1 1 1 (26) 
   518 1.208366e+047   6794772480   9 5 3 2 2 2 1 1 1 1 1 1 1 1 1 1 1 1 (26) 
   519 1.812548e+047   7134511104   8 6 3 2 2 2 1 1 1 1 1 1 1 1 1 1 1 1 (26) 
   520 2.114640e+047   7247757312   7 5 3 3 2 2 1 1 1 1 1 1 1 1 1 1 1 1 (26) 
   521 2.416731e+047   7474249728  10 5 3 2 2 2 1 1 1 1 1 1 1 1 1 1 1 1 (26) 
   522 2.819520e+047   7549747200   9 4 3 3 2 2 1 1 1 1 1 1 1 1 1 1 1 1 (26) 
   523 3.020914e+047   7644119040   8 5 4 2 2 2 1 1 1 1 1 1 1 1 1 1 1 1 (26) 
   524 3.625097e+047   7927234560   9 6 3 2 2 2 1 1 1 1 1 1 1 1 1 1 1 1 (26) 
   525 4.229280e+047   8153726976   8 5 3 3 2 2 1 1 1 1 1 1 1 1 1 1 1 1 (26) 
   526 5.639040e+047   8304721920  10 4 3 3 2 2 1 1 1 1 1 1 1 1 1 1 1 1 (26) 
   527 6.041828e+047   8493465600   9 5 4 2 2 2 1 1 1 1 1 1 1 1 1 1 1 1 (26) 
   528 7.250194e+047   8719958016  10 6 3 2 2 2 1 1 1 1 1 1 1 1 1 1 1 1 (26) 
   529 8.458560e+047   9059696640   9 5 3 3 2 2 1 1 1 1 1 1 1 1 1 1 1 1 (26) 
   530 1.027111e+048   9172942848   8 5 3 2 2 2 2 1 1 1 1 1 1 1 1 1 1 1 (26) 
   531 1.208366e+048   9342812160  10 5 4 2 2 2 1 1 1 1 1 1 1 1 1 1 1 1 (26) 
   532 1.268784e+048   9512681472   8 6 3 3 2 2 1 1 1 1 1 1 1 1 1 1 1 1 (26) 
   533 1.675445e+048   9663676416   7 5 3 3 2 1 1 1 1 1 1 1 1 1 1 1 1 1 (27) 
   534 1.691712e+048   9965666304  10 5 3 3 2 2 1 1 1 1 1 1 1 1 1 1 1 1 (26) 
   535 2.054222e+048  10192158720   9 5 3 2 2 2 2 1 1 1 1 1 1 1 1 1 1 1 (26) 
   536 2.537568e+048  10569646080   9 6 3 3 2 2 1 1 1 1 1 1 1 1 1 1 1 1 (26) 
   537 3.081332e+048  10701766656   8 6 3 2 2 2 2 1 1 1 1 1 1 1 1 1 1 1 (26) 
   538 3.111542e+048  10871635968   7 5 3 2 2 2 1 1 1 1 1 1 1 1 1 1 1 1 (27) 
   539 3.625097e+048  10899947520  10 6 4 2 2 2 1 1 1 1 1 1 1 1 1 1 1 1 (26) 

   no       number      divisors    2 3 5 71113171923293137414347535961677173
------------------------------------------------------------------------------
   540 4.108443e+048  11211374592  10 5 3 2 2 2 2 1 1 1 1 1 1 1 1 1 1 1 (26) 
   541 4.148722e+048  11324620800   9 4 3 2 2 2 1 1 1 1 1 1 1 1 1 1 1 1 (27) 
   542 5.075136e+048  11626610688  10 6 3 3 2 2 1 1 1 1 1 1 1 1 1 1 1 1 (26) 
   543 6.162665e+048  11890851840   9 6 3 2 2 2 2 1 1 1 1 1 1 1 1 1 1 1 (26) 
   544 6.223083e+048  12230590464   8 5 3 2 2 2 1 1 1 1 1 1 1 1 1 1 1 1 (27) 
   545 8.297444e+048  12457082880  10 4 3 2 2 2 1 1 1 1 1 1 1 1 1 1 1 1 (27) 
   546 9.334625e+048  12683575296   7 6 3 2 2 2 1 1 1 1 1 1 1 1 1 1 1 1 (27) 
   547 1.027111e+049  12740198400   9 5 4 2 2 2 2 1 1 1 1 1 1 1 1 1 1 1 (26) 
   548 1.232533e+049  13079937024  10 6 3 2 2 2 2 1 1 1 1 1 1 1 1 1 1 1 (26) 
   549 1.244617e+049  13589544960   9 5 3 2 2 2 1 1 1 1 1 1 1 1 1 1 1 1 (27) 
   550 1.866925e+049  14269022208   8 6 3 2 2 2 1 1 1 1 1 1 1 1 1 1 1 1 (27) 
   551 2.178079e+049  14495514624   7 5 3 3 2 2 1 1 1 1 1 1 1 1 1 1 1 1 (27) 
   552 2.489233e+049  14948499456  10 5 3 2 2 2 1 1 1 1 1 1 1 1 1 1 1 1 (27) 
   553 2.904105e+049  15099494400   9 4 3 3 2 2 1 1 1 1 1 1 1 1 1 1 1 1 (27) 
   554 3.111542e+049  15288238080   8 5 4 2 2 2 1 1 1 1 1 1 1 1 1 1 1 1 (27) 
   555 3.733850e+049  15854469120   9 6 3 2 2 2 1 1 1 1 1 1 1 1 1 1 1 1 (27) 
   556 4.356158e+049  16307453952   8 5 3 3 2 2 1 1 1 1 1 1 1 1 1 1 1 1 (27) 
   557 5.808211e+049  16609443840  10 4 3 3 2 2 1 1 1 1 1 1 1 1 1 1 1 1 (27) 
   558 6.223083e+049  16986931200   9 5 4 2 2 2 1 1 1 1 1 1 1 1 1 1 1 1 (27) 
   559 7.467700e+049  17439916032  10 6 3 2 2 2 1 1 1 1 1 1 1 1 1 1 1 1 (27) 
   560 8.712316e+049  18119393280   9 5 3 3 2 2 1 1 1 1 1 1 1 1 1 1 1 1 (27) 
   561 1.057924e+050  18345885696   8 5 3 2 2 2 2 1 1 1 1 1 1 1 1 1 1 1 (27) 
   562 1.244617e+050  18685624320  10 5 4 2 2 2 1 1 1 1 1 1 1 1 1 1 1 1 (27) 
   563 1.306847e+050  19025362944   8 6 3 3 2 2 1 1 1 1 1 1 1 1 1 1 1 1 (27) 
   564 1.742463e+050  19931332608  10 5 3 3 2 2 1 1 1 1 1 1 1 1 1 1 1 1 (27) 
   565 2.115848e+050  20384317440   9 5 3 2 2 2 2 1 1 1 1 1 1 1 1 1 1 1 (27) 
   566 2.613695e+050  21139292160   9 6 3 3 2 2 1 1 1 1 1 1 1 1 1 1 1 1 (27) 
   567 3.173772e+050  21403533312   8 6 3 2 2 2 2 1 1 1 1 1 1 1 1 1 1 1 (27) 
   568 3.329349e+050  21743271936   7 5 3 2 2 2 1 1 1 1 1 1 1 1 1 1 1 1 (28) 
   569 3.733850e+050  21799895040  10 6 4 2 2 2 1 1 1 1 1 1 1 1 1 1 1 1 (27) 
   570 4.231697e+050  22422749184  10 5 3 2 2 2 2 1 1 1 1 1 1 1 1 1 1 1 (27) 
   571 4.356158e+050  22649241600   9 5 4 3 2 2 1 1 1 1 1 1 1 1 1 1 1 1 (27) 
   572 5.227390e+050  23253221376  10 6 3 3 2 2 1 1 1 1 1 1 1 1 1 1 1 1 (27) 
   573 6.347545e+050  23781703680   9 6 3 2 2 2 2 1 1 1 1 1 1 1 1 1 1 1 (27) 
   574 6.658699e+050  24461180928   8 5 3 2 2 2 1 1 1 1 1 1 1 1 1 1 1 1 (28) 
   575 8.712316e+050  24914165760  10 5 4 3 2 2 1 1 1 1 1 1 1 1 1 1 1 1 (27) 
   576 9.988048e+050  25367150592   7 6 3 2 2 2 1 1 1 1 1 1 1 1 1 1 1 1 (28) 
   577 1.057924e+051  25480396800   9 5 4 2 2 2 2 1 1 1 1 1 1 1 1 1 1 1 (27) 
   578 1.269509e+051  26159874048  10 6 3 2 2 2 2 1 1 1 1 1 1 1 1 1 1 1 (27) 
   579 1.306847e+051  26424115200   9 6 4 3 2 2 1 1 1 1 1 1 1 1 1 1 1 1 (27) 
   580 1.331740e+051  27179089920   9 5 3 2 2 2 1 1 1 1 1 1 1 1 1 1 1 1 (28) 
   581 1.997610e+051  28538044416   8 6 3 2 2 2 1 1 1 1 1 1 1 1 1 1 1 1 (28) 
   582 2.330545e+051  28991029248   7 5 3 3 2 2 1 1 1 1 1 1 1 1 1 1 1 1 (28) 
   583 2.613695e+051  29066526720  10 6 4 3 2 2 1 1 1 1 1 1 1 1 1 1 1 1 (27) 
   584 2.663480e+051  29896998912  10 5 3 2 2 2 1 1 1 1 1 1 1 1 1 1 1 1 (28) 
   585 3.107393e+051  30198988800   9 4 3 3 2 2 1 1 1 1 1 1 1 1 1 1 1 1 (28) 
   586 3.329349e+051  30576476160   8 5 4 2 2 2 1 1 1 1 1 1 1 1 1 1 1 1 (28) 
   587 3.995219e+051  31708938240   9 6 3 2 2 2 1 1 1 1 1 1 1 1 1 1 1 1 (28) 
   588 4.661089e+051  32614907904   8 5 3 3 2 2 1 1 1 1 1 1 1 1 1 1 1 1 (28) 
   589 6.214786e+051  33218887680  10 4 3 3 2 2 1 1 1 1 1 1 1 1 1 1 1 1 (28) 
   590 6.658699e+051  33973862400   9 5 4 2 2 2 1 1 1 1 1 1 1 1 1 1 1 1 (28) 
   591 7.990439e+051  34879832064  10 6 3 2 2 2 1 1 1 1 1 1 1 1 1 1 1 1 (28) 
   592 9.322179e+051  36238786560   9 5 3 3 2 2 1 1 1 1 1 1 1 1 1 1 1 1 (28) 
   593 1.131979e+052  36691771392   8 5 3 2 2 2 2 1 1 1 1 1 1 1 1 1 1 1 (28) 
   594 1.331740e+052  37371248640  10 5 4 2 2 2 1 1 1 1 1 1 1 1 1 1 1 1 (28) 
   595 1.398327e+052  38050725888   8 6 3 3 2 2 1 1 1 1 1 1 1 1 1 1 1 1 (28) 
   596 1.864436e+052  39862665216  10 5 3 3 2 2 1 1 1 1 1 1 1 1 1 1 1 1 (28) 
   597 2.263958e+052  40768634880   9 5 3 2 2 2 2 1 1 1 1 1 1 1 1 1 1 1 (28) 
   598 2.796654e+052  42278584320   9 6 3 3 2 2 1 1 1 1 1 1 1 1 1 1 1 1 (28) 
   599 3.395936e+052  42807066624   8 6 3 2 2 2 2 1 1 1 1 1 1 1 1 1 1 1 (28) 

   no       number      divisors    2 3 5 71113171923293137414347535961677173
------------------------------------------------------------------------------
   600 3.628991e+052  43486543872   7 5 3 2 2 2 1 1 1 1 1 1 1 1 1 1 1 1 (29) 
   601 3.995219e+052  43599790080  10 6 4 2 2 2 1 1 1 1 1 1 1 1 1 1 1 1 (28) 
   602 4.527915e+052  44845498368  10 5 3 2 2 2 2 1 1 1 1 1 1 1 1 1 1 1 (28) 
   603 4.661089e+052  45298483200   9 5 4 3 2 2 1 1 1 1 1 1 1 1 1 1 1 1 (28) 
   604 5.593307e+052  46506442752  10 6 3 3 2 2 1 1 1 1 1 1 1 1 1 1 1 1 (28) 
   605 6.791873e+052  47563407360   9 6 3 2 2 2 2 1 1 1 1 1 1 1 1 1 1 1 (28) 
   606 7.257982e+052  48922361856   8 5 3 2 2 2 1 1 1 1 1 1 1 1 1 1 1 1 (29) 
   607 9.322179e+052  49828331520  10 5 4 3 2 2 1 1 1 1 1 1 1 1 1 1 1 1 (28) 
   608 1.088697e+053  50734301184   7 6 3 2 2 2 1 1 1 1 1 1 1 1 1 1 1 1 (29) 
   609 1.131979e+053  50960793600   9 5 4 2 2 2 2 1 1 1 1 1 1 1 1 1 1 1 (28) 
   610 1.358375e+053  52319748096  10 6 3 2 2 2 2 1 1 1 1 1 1 1 1 1 1 1 (28) 
   611 1.398327e+053  52848230400   9 6 4 3 2 2 1 1 1 1 1 1 1 1 1 1 1 1 (28) 
   612 1.451596e+053  54358179840   9 5 3 2 2 2 1 1 1 1 1 1 1 1 1 1 1 1 (29) 
   613 2.150760e+053  55037657088   8 5 3 2 2 2 2 2 1 1 1 1 1 1 1 1 1 1 (28) 
   614 2.177395e+053  57076088832   8 6 3 2 2 2 1 1 1 1 1 1 1 1 1 1 1 1 (29) 
   615 2.540294e+053  57982058496   7 5 3 3 2 2 1 1 1 1 1 1 1 1 1 1 1 1 (29) 
   616 2.796654e+053  58133053440  10 6 4 3 2 2 1 1 1 1 1 1 1 1 1 1 1 1 (28) 
   617 2.903193e+053  59793997824  10 5 3 2 2 2 1 1 1 1 1 1 1 1 1 1 1 1 (29) 
   618 3.387058e+053  60397977600   9 4 3 3 2 2 1 1 1 1 1 1 1 1 1 1 1 1 (29) 
   619 3.628991e+053  61152952320   8 5 4 2 2 2 1 1 1 1 1 1 1 1 1 1 1 1 (29) 
   620 4.354789e+053  63417876480   9 6 3 2 2 2 1 1 1 1 1 1 1 1 1 1 1 1 (29) 
   621 5.080587e+053  65229815808   8 5 3 3 2 2 1 1 1 1 1 1 1 1 1 1 1 1 (29) 
   622 6.774116e+053  66437775360  10 4 3 3 2 2 1 1 1 1 1 1 1 1 1 1 1 1 (29) 
   623 7.257982e+053  67947724800   9 5 4 2 2 2 1 1 1 1 1 1 1 1 1 1 1 1 (29) 
   624 8.709578e+053  69759664128  10 6 3 2 2 2 1 1 1 1 1 1 1 1 1 1 1 1 (29) 
   625 1.016117e+054  72477573120   9 5 3 3 2 2 1 1 1 1 1 1 1 1 1 1 1 1 (29) 
   626 1.233857e+054  73383542784   8 5 3 2 2 2 2 1 1 1 1 1 1 1 1 1 1 1 (29) 
   627 1.451596e+054  74742497280  10 5 4 2 2 2 1 1 1 1 1 1 1 1 1 1 1 1 (29) 
   628 1.524176e+054  76101451776   8 6 3 3 2 2 1 1 1 1 1 1 1 1 1 1 1 1 (29) 
   629 2.032235e+054  79725330432  10 5 3 3 2 2 1 1 1 1 1 1 1 1 1 1 1 1 (29) 
   630 2.467714e+054  81537269760   9 5 3 2 2 2 2 1 1 1 1 1 1 1 1 1 1 1 (29) 
   631 3.048352e+054  84557168640   9 6 3 3 2 2 1 1 1 1 1 1 1 1 1 1 1 1 (29) 
   632 3.701571e+054  85614133248   8 6 3 2 2 2 2 1 1 1 1 1 1 1 1 1 1 1 (29) 
   633 4.064470e+054  86973087744  11 5 3 3 2 2 1 1 1 1 1 1 1 1 1 1 1 1 (29) 
   634 4.354789e+054  87199580160  10 6 4 2 2 2 1 1 1 1 1 1 1 1 1 1 1 1 (29) 
   635 4.935428e+054  89690996736  10 5 3 2 2 2 2 1 1 1 1 1 1 1 1 1 1 1 (29) 
   636 5.080587e+054  90596966400   9 5 4 3 2 2 1 1 1 1 1 1 1 1 1 1 1 1 (29) 
   637 6.096705e+054  93012885504  10 6 3 3 2 2 1 1 1 1 1 1 1 1 1 1 1 1 (29) 
   638 7.403141e+054  95126814720   9 6 3 2 2 2 2 1 1 1 1 1 1 1 1 1 1 1 (29) 
   639 8.201519e+054  97844723712   8 5 3 2 2 2 1 1 1 1 1 1 1 1 1 1 1 1 (30) 
   640 1.016117e+055  99656663040  10 5 4 3 2 2 1 1 1 1 1 1 1 1 1 1 1 1 (29) 
   641 1.219341e+055 101468602368  11 6 3 3 2 2 1 1 1 1 1 1 1 1 1 1 1 1 (29) 
   642 1.233857e+055 101921587200   9 5 4 2 2 2 2 1 1 1 1 1 1 1 1 1 1 1 (29) 
   643 1.480628e+055 104639496192  10 6 3 2 2 2 2 1 1 1 1 1 1 1 1 1 1 1 (29) 
   644 1.524176e+055 105696460800   9 6 4 3 2 2 1 1 1 1 1 1 1 1 1 1 1 1 (29) 
   645 1.640304e+055 108716359680   9 5 3 2 2 2 1 1 1 1 1 1 1 1 1 1 1 1 (30) 
   646 2.344328e+055 110075314176   8 5 3 2 2 2 2 2 1 1 1 1 1 1 1 1 1 1 (29) 
   647 2.460456e+055 114152177664   8 6 3 2 2 2 1 1 1 1 1 1 1 1 1 1 1 1 (30) 
   648 2.870532e+055 115964116992   7 5 3 3 2 2 1 1 1 1 1 1 1 1 1 1 1 1 (30) 
   649 3.048352e+055 116266106880  10 6 4 3 2 2 1 1 1 1 1 1 1 1 1 1 1 1 (29) 
   650 3.280608e+055 119587995648  10 5 3 2 2 2 1 1 1 1 1 1 1 1 1 1 1 1 (30) 
   651 3.827376e+055 120795955200   9 4 3 3 2 2 1 1 1 1 1 1 1 1 1 1 1 1 (30) 
   652 4.100760e+055 122305904640   8 5 4 2 2 2 1 1 1 1 1 1 1 1 1 1 1 1 (30) 
   653 4.920912e+055 126835752960   9 6 3 2 2 2 1 1 1 1 1 1 1 1 1 1 1 1 (30) 
   654 5.741064e+055 130459631616   8 5 3 3 2 2 1 1 1 1 1 1 1 1 1 1 1 1 (30) 
   655 7.403141e+055 130799370240  10 6 4 2 2 2 2 1 1 1 1 1 1 1 1 1 1 1 (29) 
   656 7.654752e+055 132875550720  10 4 3 3 2 2 1 1 1 1 1 1 1 1 1 1 1 1 (30) 
   657 8.201519e+055 135895449600   9 5 4 2 2 2 1 1 1 1 1 1 1 1 1 1 1 1 (30) 
   658 9.841823e+055 139519328256  10 6 3 2 2 2 1 1 1 1 1 1 1 1 1 1 1 1 (30) 
   659 1.148213e+056 144955146240   9 5 3 3 2 2 1 1 1 1 1 1 1 1 1 1 1 1 (30) 

   no       number      divisors    2 3 5 71113171923293137414347535961677173
------------------------------------------------------------------------------
   660 1.394258e+056 146767085568   8 5 3 2 2 2 2 1 1 1 1 1 1 1 1 1 1 1 (30) 
   661 1.640304e+056 149484994560  10 5 4 2 2 2 1 1 1 1 1 1 1 1 1 1 1 1 (30) 
   662 1.722319e+056 152202903552   8 6 3 3 2 2 1 1 1 1 1 1 1 1 1 1 1 1 (30) 
   663 2.296425e+056 159450660864  10 5 3 3 2 2 1 1 1 1 1 1 1 1 1 1 1 1 (30) 
   664 2.788517e+056 163074539520   9 5 3 2 2 2 2 1 1 1 1 1 1 1 1 1 1 1 (30) 
   665 3.444638e+056 169114337280   9 6 3 3 2 2 1 1 1 1 1 1 1 1 1 1 1 1 (30) 
   666 4.182775e+056 171228266496   8 6 3 2 2 2 2 1 1 1 1 1 1 1 1 1 1 1 (30) 
   667 4.592851e+056 173946175488  11 5 3 3 2 2 1 1 1 1 1 1 1 1 1 1 1 1 (30) 
   668 4.920912e+056 174399160320  10 6 4 2 2 2 1 1 1 1 1 1 1 1 1 1 1 1 (30) 
   669 5.577033e+056 179381993472  10 5 3 2 2 2 2 1 1 1 1 1 1 1 1 1 1 1 (30) 
   670 5.741064e+056 181193932800   9 5 4 3 2 2 1 1 1 1 1 1 1 1 1 1 1 1 (30) 
   671 6.889276e+056 186025771008  10 6 3 3 2 2 1 1 1 1 1 1 1 1 1 1 1 1 (30) 
   672 8.365550e+056 190253629440   9 6 3 2 2 2 2 1 1 1 1 1 1 1 1 1 1 1 (30) 
   673 9.759808e+056 195689447424   8 5 3 3 2 2 2 1 1 1 1 1 1 1 1 1 1 1 (30) 
   674 1.148213e+057 199313326080  10 5 4 3 2 2 1 1 1 1 1 1 1 1 1 1 1 1 (30) 
   675 1.377855e+057 202937204736  11 6 3 3 2 2 1 1 1 1 1 1 1 1 1 1 1 1 (30) 
   676 1.394258e+057 203843174400   9 5 4 2 2 2 2 1 1 1 1 1 1 1 1 1 1 1 (30) 
   677 1.673110e+057 209278992384  10 6 3 2 2 2 2 1 1 1 1 1 1 1 1 1 1 1 (30) 
   678 1.722319e+057 211392921600   9 6 4 3 2 2 1 1 1 1 1 1 1 1 1 1 1 1 (30) 
   679 1.951962e+057 217432719360   9 5 3 3 2 2 2 1 1 1 1 1 1 1 1 1 1 1 (30) 
   680 2.649091e+057 220150628352   8 5 3 2 2 2 2 2 1 1 1 1 1 1 1 1 1 1 (30) 
   681 2.788517e+057 224227491840  10 5 4 2 2 2 2 1 1 1 1 1 1 1 1 1 1 1 (30) 
   682 2.927942e+057 228304355328   8 6 3 3 2 2 2 1 1 1 1 1 1 1 1 1 1 1 (30) 
   683 3.444638e+057 232532213760  10 6 4 3 2 2 1 1 1 1 1 1 1 1 1 1 1 1 (30) 
   684 3.903923e+057 239175991296  10 5 3 3 2 2 2 1 1 1 1 1 1 1 1 1 1 1 (30) 
   685 4.860767e+057 241591910400   9 4 3 3 2 2 1 1 1 1 1 1 1 1 1 1 1 1 (31) 
   686 4.879904e+057 244611809280   8 5 4 3 2 2 2 1 1 1 1 1 1 1 1 1 1 1 (30) 
   687 5.855885e+057 253671505920   9 6 3 3 2 2 2 1 1 1 1 1 1 1 1 1 1 1 (30) 
   688 7.291151e+057 260919263232   8 5 3 3 2 2 1 1 1 1 1 1 1 1 1 1 1 1 (31) 
   689 8.365550e+057 261598740480  10 6 4 2 2 2 2 1 1 1 1 1 1 1 1 1 1 1 (30) 
   690 9.721534e+057 265751101440  10 4 3 3 2 2 1 1 1 1 1 1 1 1 1 1 1 1 (31) 
   691 9.759808e+057 271790899200   9 5 4 3 2 2 2 1 1 1 1 1 1 1 1 1 1 1 (30) 
   692 1.171177e+058 279038656512  10 6 3 3 2 2 2 1 1 1 1 1 1 1 1 1 1 1 (30) 
   693 1.458230e+058 289910292480   9 5 3 3 2 2 1 1 1 1 1 1 1 1 1 1 1 1 (31) 
   694 1.770708e+058 293534171136   8 5 3 2 2 2 2 1 1 1 1 1 1 1 1 1 1 1 (31) 
   695 1.951962e+058 298969989120  10 5 4 3 2 2 2 1 1 1 1 1 1 1 1 1 1 1 (30) 
   696 2.187345e+058 304405807104   8 6 3 3 2 2 1 1 1 1 1 1 1 1 1 1 1 1 (31) 
   697 2.649091e+058 305764761600   9 5 4 2 2 2 2 2 1 1 1 1 1 1 1 1 1 1 (30) 
   698 2.916460e+058 318901321728  10 5 3 3 2 2 1 1 1 1 1 1 1 1 1 1 1 1 (31) 
   699 3.541416e+058 326149079040   9 5 3 2 2 2 2 1 1 1 1 1 1 1 1 1 1 1 (31) 
   700 4.374690e+058 338228674560   9 6 3 3 2 2 1 1 1 1 1 1 1 1 1 1 1 1 (31) 
   701 5.312124e+058 342456532992   8 6 3 2 2 2 2 1 1 1 1 1 1 1 1 1 1 1 (31) 
   702 5.832921e+058 347892350976  11 5 3 3 2 2 1 1 1 1 1 1 1 1 1 1 1 1 (31) 
   703 5.855885e+058 348798320640  10 6 4 3 2 2 2 1 1 1 1 1 1 1 1 1 1 1 (30) 
   704 7.082832e+058 358763986944  10 5 3 2 2 2 2 1 1 1 1 1 1 1 1 1 1 1 (31) 
   705 7.291151e+058 362387865600   9 5 4 3 2 2 1 1 1 1 1 1 1 1 1 1 1 1 (31) 
   706 8.749381e+058 372051542016  10 6 3 3 2 2 1 1 1 1 1 1 1 1 1 1 1 1 (31) 
   707 1.062425e+059 380507258880   9 6 3 2 2 2 2 1 1 1 1 1 1 1 1 1 1 1 (31) 
   708 1.239496e+059 391378894848   8 5 3 3 2 2 2 1 1 1 1 1 1 1 1 1 1 1 (31) 
   709 1.458230e+059 398626652160  10 5 4 3 2 2 1 1 1 1 1 1 1 1 1 1 1 1 (31) 
   710 1.749876e+059 405874409472  11 6 3 3 2 2 1 1 1 1 1 1 1 1 1 1 1 1 (31) 
   711 1.770708e+059 407686348800   9 5 4 2 2 2 2 1 1 1 1 1 1 1 1 1 1 1 (31) 
   712 2.124850e+059 418557984768  10 6 3 2 2 2 2 1 1 1 1 1 1 1 1 1 1 1 (31) 
   713 2.187345e+059 422785843200   9 6 4 3 2 2 1 1 1 1 1 1 1 1 1 1 1 1 (31) 
   714 2.478991e+059 434865438720   9 5 3 3 2 2 2 1 1 1 1 1 1 1 1 1 1 1 (31) 
   715 3.364345e+059 440301256704   8 5 3 2 2 2 2 2 1 1 1 1 1 1 1 1 1 1 (31) 
   716 3.541416e+059 448454983680  10 5 4 2 2 2 2 1 1 1 1 1 1 1 1 1 1 1 (31) 
   717 3.718487e+059 456608710656   8 6 3 3 2 2 2 1 1 1 1 1 1 1 1 1 1 1 (31) 
   718 4.374690e+059 465064427520  10 6 4 3 2 2 1 1 1 1 1 1 1 1 1 1 1 1 (31) 
   719 4.957983e+059 478351982592  10 5 3 3 2 2 2 1 1 1 1 1 1 1 1 1 1 1 (31) 

   no       number      divisors    2 3 5 71113171923293137414347535961677173
------------------------------------------------------------------------------
   720 6.197478e+059 489223618560   8 5 4 3 2 2 2 1 1 1 1 1 1 1 1 1 1 1 (31) 
   721 7.436974e+059 507343011840   9 6 3 3 2 2 2 1 1 1 1 1 1 1 1 1 1 1 (31) 
   722 9.551408e+059 521838526464   8 5 3 3 2 2 1 1 1 1 1 1 1 1 1 1 1 1 (32) 
   723 1.062425e+060 523197480960  10 6 4 2 2 2 2 1 1 1 1 1 1 1 1 1 1 1 (31) 
   724 1.239496e+060 543581798400   9 5 4 3 2 2 2 1 1 1 1 1 1 1 1 1 1 1 (31) 
   725 1.487395e+060 558077313024  10 6 3 3 2 2 2 1 1 1 1 1 1 1 1 1 1 1 (31) 
   726 1.859243e+060 570760888320   8 6 4 3 2 2 2 1 1 1 1 1 1 1 1 1 1 1 (31) 
   727 1.910282e+060 579820584960   9 5 3 3 2 2 1 1 1 1 1 1 1 1 1 1 1 1 (32) 
   728 2.319628e+060 587068342272   8 5 3 2 2 2 2 1 1 1 1 1 1 1 1 1 1 1 (32) 
   729 2.478991e+060 597939978240  10 5 4 3 2 2 2 1 1 1 1 1 1 1 1 1 1 1 (31) 
   730 2.865422e+060 608811614208   8 6 3 3 2 2 1 1 1 1 1 1 1 1 1 1 1 1 (32) 
   731 3.364345e+060 611529523200   9 5 4 2 2 2 2 2 1 1 1 1 1 1 1 1 1 1 (31) 
   732 3.718487e+060 634178764800   9 6 4 3 2 2 2 1 1 1 1 1 1 1 1 1 1 1 (31) 
   733 3.820563e+060 637802643456  10 5 3 3 2 2 1 1 1 1 1 1 1 1 1 1 1 1 (32) 
   734 4.639255e+060 652298158080   9 5 3 2 2 2 2 1 1 1 1 1 1 1 1 1 1 1 (32) 
   735 5.730845e+060 676457349120   9 6 3 3 2 2 1 1 1 1 1 1 1 1 1 1 1 1 (32) 
   736 6.958883e+060 684913065984   8 6 3 2 2 2 2 1 1 1 1 1 1 1 1 1 1 1 (32) 
   737 7.436974e+060 697596641280  10 6 4 3 2 2 2 1 1 1 1 1 1 1 1 1 1 1 (31) 
   738 9.278510e+060 717527973888  10 5 3 2 2 2 2 1 1 1 1 1 1 1 1 1 1 1 (32) 
   739 9.551408e+060 724775731200   9 5 4 3 2 2 1 1 1 1 1 1 1 1 1 1 1 1 (32) 
   740 1.146169e+061 744103084032  10 6 3 3 2 2 1 1 1 1 1 1 1 1 1 1 1 1 (32) 
   741 1.391777e+061 761014517760   9 6 3 2 2 2 2 1 1 1 1 1 1 1 1 1 1 1 (32) 
   742 1.623739e+061 782757789696   8 5 3 3 2 2 2 1 1 1 1 1 1 1 1 1 1 1 (32) 
   743 1.910282e+061 797253304320  10 5 4 3 2 2 1 1 1 1 1 1 1 1 1 1 1 1 (32) 
   744 2.292338e+061 811748818944  11 6 3 3 2 2 1 1 1 1 1 1 1 1 1 1 1 1 (32) 
   745 2.319628e+061 815372697600   9 5 4 2 2 2 2 1 1 1 1 1 1 1 1 1 1 1 (32) 
   746 2.783553e+061 837115969536  10 6 3 2 2 2 2 1 1 1 1 1 1 1 1 1 1 1 (32) 
   747 2.865422e+061 845571686400   9 6 4 3 2 2 1 1 1 1 1 1 1 1 1 1 1 1 (32) 
   748 3.247479e+061 869730877440   9 5 3 3 2 2 2 1 1 1 1 1 1 1 1 1 1 1 (32) 
   749 4.407292e+061 880602513408   8 5 3 2 2 2 2 2 1 1 1 1 1 1 1 1 1 1 (32) 
   750 4.639255e+061 896909967360  10 5 4 2 2 2 2 1 1 1 1 1 1 1 1 1 1 1 (32) 
   751 4.871218e+061 913217421312   8 6 3 3 2 2 2 1 1 1 1 1 1 1 1 1 1 1 (32) 
   752 5.730845e+061 930128855040  10 6 4 3 2 2 1 1 1 1 1 1 1 1 1 1 1 1 (32) 
   753 6.494957e+061 956703965184  10 5 3 3 2 2 2 1 1 1 1 1 1 1 1 1 1 1 (32) 
   754 8.118696e+061 978447237120   8 5 4 3 2 2 2 1 1 1 1 1 1 1 1 1 1 1 (32) 
   755 9.742436e+061 1.014686e012   9 6 3 3 2 2 2 1 1 1 1 1 1 1 1 1 1 1 (32) 
   756 1.298991e+062 1.043677e012  11 5 3 3 2 2 2 1 1 1 1 1 1 1 1 1 1 1 (32) 
   757 1.391777e+062 1.046395e012  10 6 4 2 2 2 2 1 1 1 1 1 1 1 1 1 1 1 (32) 
   758 1.623739e+062 1.087164e012   9 5 4 3 2 2 2 1 1 1 1 1 1 1 1 1 1 1 (32) 
   759 1.948487e+062 1.116155e012  10 6 3 3 2 2 2 1 1 1 1 1 1 1 1 1 1 1 (32) 
   760 2.435609e+062 1.141522e012   8 6 4 3 2 2 2 1 1 1 1 1 1 1 1 1 1 1 (32) 
   761 2.617086e+062 1.159641e012   9 5 3 3 2 2 1 1 1 1 1 1 1 1 1 1 1 1 (33) 
   762 3.085105e+062 1.174137e012   8 5 3 3 2 2 2 2 1 1 1 1 1 1 1 1 1 1 (32) 
   763 3.247479e+062 1.195880e012  10 5 4 3 2 2 2 1 1 1 1 1 1 1 1 1 1 1 (32) 
   764 3.896974e+062 1.217623e012  11 6 3 3 2 2 2 1 1 1 1 1 1 1 1 1 1 1 (32) 
   765 4.407292e+062 1.223059e012   9 5 4 2 2 2 2 2 1 1 1 1 1 1 1 1 1 1 (32) 
   766 4.871218e+062 1.268358e012   9 6 4 3 2 2 2 1 1 1 1 1 1 1 1 1 1 1 (32) 
   767 5.234171e+062 1.275605e012  10 5 3 3 2 2 1 1 1 1 1 1 1 1 1 1 1 1 (33) 
   768 6.170209e+062 1.304596e012   9 5 3 3 2 2 2 2 1 1 1 1 1 1 1 1 1 1 (32) 
   769 7.793949e+062 1.319092e012  12 6 3 3 2 2 2 1 1 1 1 1 1 1 1 1 1 1 (32) 
   770 7.851257e+062 1.352915e012   9 6 3 3 2 2 1 1 1 1 1 1 1 1 1 1 1 1 (33) 
   771 9.255314e+062 1.369826e012   8 6 3 3 2 2 2 2 1 1 1 1 1 1 1 1 1 1 (32) 
   772 9.742436e+062 1.395193e012  10 6 4 3 2 2 2 1 1 1 1 1 1 1 1 1 1 1 (32) 
   773 1.234042e+063 1.435056e012  10 5 3 3 2 2 2 2 1 1 1 1 1 1 1 1 1 1 (32) 
   774 1.308543e+063 1.449551e012   9 5 4 3 2 2 1 1 1 1 1 1 1 1 1 1 1 1 (33) 
   775 1.542552e+063 1.467671e012   8 5 4 3 2 2 2 2 1 1 1 1 1 1 1 1 1 1 (32) 
   776 1.570251e+063 1.488206e012  10 6 3 3 2 2 1 1 1 1 1 1 1 1 1 1 1 1 (33) 
   777 1.851063e+063 1.522029e012   9 6 3 3 2 2 2 2 1 1 1 1 1 1 1 1 1 1 (32) 
   778 2.224523e+063 1.565516e012   8 5 3 3 2 2 2 1 1 1 1 1 1 1 1 1 1 1 (33) 
   779 2.617086e+063 1.594507e012  10 5 4 3 2 2 1 1 1 1 1 1 1 1 1 1 1 1 (33) 

   no       number      divisors    2 3 5 71113171923293137414347535961677173
------------------------------------------------------------------------------
   780 3.085105e+063 1.630745e012   9 5 4 3 2 2 2 2 1 1 1 1 1 1 1 1 1 1 (32) 
   781 3.702126e+063 1.674232e012  10 6 3 3 2 2 2 2 1 1 1 1 1 1 1 1 1 1 (32) 
   782 3.925629e+063 1.691143e012   9 6 4 3 2 2 1 1 1 1 1 1 1 1 1 1 1 1 (33) 
   783 4.449046e+063 1.739462e012   9 5 3 3 2 2 2 1 1 1 1 1 1 1 1 1 1 1 (33) 
   784 6.037991e+063 1.761205e012   8 5 3 2 2 2 2 2 1 1 1 1 1 1 1 1 1 1 (33) 
   785 6.170209e+063 1.793820e012  10 5 4 3 2 2 2 2 1 1 1 1 1 1 1 1 1 1 (32) 
   786 6.673568e+063 1.826435e012   8 6 3 3 2 2 2 1 1 1 1 1 1 1 1 1 1 1 (33) 
   787 7.851257e+063 1.860258e012  10 6 4 3 2 2 1 1 1 1 1 1 1 1 1 1 1 1 (33) 
   788 8.898091e+063 1.913408e012  10 5 3 3 2 2 2 1 1 1 1 1 1 1 1 1 1 1 (33) 
   789 1.112261e+064 1.956894e012   8 5 4 3 2 2 2 1 1 1 1 1 1 1 1 1 1 1 (33) 
   790 1.334714e+064 2.029372e012   9 6 3 3 2 2 2 1 1 1 1 1 1 1 1 1 1 1 (33) 
   791 1.779618e+064 2.087354e012  11 5 3 3 2 2 2 1 1 1 1 1 1 1 1 1 1 1 (33) 
   792 1.851063e+064 2.092790e012  10 6 4 3 2 2 2 2 1 1 1 1 1 1 1 1 1 1 (32) 
   793 2.224523e+064 2.174327e012   9 5 4 3 2 2 2 1 1 1 1 1 1 1 1 1 1 1 (33) 
   794 2.669427e+064 2.232309e012  10 6 3 3 2 2 2 1 1 1 1 1 1 1 1 1 1 1 (33) 
   795 3.336784e+064 2.283044e012   8 6 4 3 2 2 2 1 1 1 1 1 1 1 1 1 1 1 (33) 
   796 3.637749e+064 2.319282e012   9 5 3 3 2 2 1 1 1 1 1 1 1 1 1 1 1 1 (34) 
   797 4.226593e+064 2.348273e012   8 5 3 3 2 2 2 2 1 1 1 1 1 1 1 1 1 1 (33) 
   798 4.449046e+064 2.391760e012  10 5 4 3 2 2 2 1 1 1 1 1 1 1 1 1 1 1 (33) 
   799 5.338855e+064 2.435246e012  11 6 3 3 2 2 2 1 1 1 1 1 1 1 1 1 1 1 (33) 
   800 6.037991e+064 2.446118e012   9 5 4 2 2 2 2 2 1 1 1 1 1 1 1 1 1 1 (33) 
   801 6.673568e+064 2.536715e012   9 6 4 3 2 2 2 1 1 1 1 1 1 1 1 1 1 1 (33) 
   802 7.275498e+064 2.551211e012  10 5 3 3 2 2 1 1 1 1 1 1 1 1 1 1 1 1 (34) 
   803 8.453187e+064 2.609193e012   9 5 3 3 2 2 2 2 1 1 1 1 1 1 1 1 1 1 (33) 
   804 1.067771e+065 2.638184e012  12 6 3 3 2 2 2 1 1 1 1 1 1 1 1 1 1 1 (33) 
   805 1.091325e+065 2.705829e012   9 6 3 3 2 2 1 1 1 1 1 1 1 1 1 1 1 1 (34) 
   806 1.267978e+065 2.739652e012   8 6 3 3 2 2 2 2 1 1 1 1 1 1 1 1 1 1 (33) 
   807 1.334714e+065 2.790387e012  10 6 4 3 2 2 2 1 1 1 1 1 1 1 1 1 1 1 (33) 
   808 1.690637e+065 2.870112e012  10 5 3 3 2 2 2 2 1 1 1 1 1 1 1 1 1 1 (33) 
   809 1.818875e+065 2.899103e012   9 5 4 3 2 2 1 1 1 1 1 1 1 1 1 1 1 1 (34) 
   810 2.113297e+065 2.935342e012   8 5 4 3 2 2 2 2 1 1 1 1 1 1 1 1 1 1 (33) 
   811 2.182649e+065 2.976412e012  10 6 3 3 2 2 1 1 1 1 1 1 1 1 1 1 1 1 (34) 
   812 2.535956e+065 3.044058e012   9 6 3 3 2 2 2 2 1 1 1 1 1 1 1 1 1 1 (33) 
   813 3.092087e+065 3.131031e012   8 5 3 3 2 2 2 1 1 1 1 1 1 1 1 1 1 1 (34) 
   814 3.622794e+065 3.139185e012  10 6 4 2 2 2 2 2 1 1 1 1 1 1 1 1 1 1 (33) 
   815 3.637749e+065 3.189013e012  10 5 4 3 2 2 1 1 1 1 1 1 1 1 1 1 1 1 (34) 
   816 4.226593e+065 3.261491e012   9 5 4 3 2 2 2 2 1 1 1 1 1 1 1 1 1 1 (33) 
   817 5.071912e+065 3.348464e012  10 6 3 3 2 2 2 2 1 1 1 1 1 1 1 1 1 1 (33) 
   818 5.456624e+065 3.382287e012   9 6 4 3 2 2 1 1 1 1 1 1 1 1 1 1 1 1 (34) 
   819 6.184173e+065 3.478924e012   9 5 3 3 2 2 2 1 1 1 1 1 1 1 1 1 1 1 (34) 
   820 8.392807e+065 3.522410e012   8 5 3 2 2 2 2 2 1 1 1 1 1 1 1 1 1 1 (34) 
   821 8.453187e+065 3.587640e012  10 5 4 3 2 2 2 2 1 1 1 1 1 1 1 1 1 1 (33) 
   822 9.276260e+065 3.652870e012   8 6 3 3 2 2 2 1 1 1 1 1 1 1 1 1 1 1 (34) 
   823 1.091325e+066 3.720515e012  10 6 4 3 2 2 1 1 1 1 1 1 1 1 1 1 1 1 (34) 
   824 1.236835e+066 3.826816e012  10 5 3 3 2 2 2 1 1 1 1 1 1 1 1 1 1 1 (34) 
   825 1.546043e+066 3.913789e012   8 5 4 3 2 2 2 1 1 1 1 1 1 1 1 1 1 1 (34) 
   826 1.855252e+066 4.058744e012   9 6 3 3 2 2 2 1 1 1 1 1 1 1 1 1 1 1 (34) 
   827 2.473669e+066 4.174708e012  11 5 3 3 2 2 2 1 1 1 1 1 1 1 1 1 1 1 (34) 
   828 2.535956e+066 4.185580e012  10 6 4 3 2 2 2 2 1 1 1 1 1 1 1 1 1 1 (33) 
   829 3.092087e+066 4.348654e012   9 5 4 3 2 2 2 1 1 1 1 1 1 1 1 1 1 1 (34) 
   830 3.710504e+066 4.464619e012  10 6 3 3 2 2 2 1 1 1 1 1 1 1 1 1 1 1 (34) 
   831 4.638130e+066 4.566087e012   8 6 4 3 2 2 2 1 1 1 1 1 1 1 1 1 1 1 (34) 
   832 5.420246e+066 4.638565e012   9 5 3 3 2 2 1 1 1 1 1 1 1 1 1 1 1 1 (35) 
   833 5.874965e+066 4.696547e012   8 5 3 3 2 2 2 2 1 1 1 1 1 1 1 1 1 1 (34) 
   834 6.184173e+066 4.783520e012  10 5 4 3 2 2 2 1 1 1 1 1 1 1 1 1 1 1 (34) 
   835 7.421008e+066 4.870493e012  11 6 3 3 2 2 2 1 1 1 1 1 1 1 1 1 1 1 (34) 
   836 8.392807e+066 4.892236e012   9 5 4 2 2 2 2 2 1 1 1 1 1 1 1 1 1 1 (34) 
   837 9.276260e+066 5.073430e012   9 6 4 3 2 2 2 1 1 1 1 1 1 1 1 1 1 1 (34) 
   838 1.084049e+067 5.102421e012  10 5 3 3 2 2 1 1 1 1 1 1 1 1 1 1 1 1 (35) 
   839 1.174993e+067 5.218385e012   9 5 3 3 2 2 2 2 1 1 1 1 1 1 1 1 1 1 (34) 

   no       number      divisors    2 3 5 71113171923293137414347535961677173
------------------------------------------------------------------------------
   840 1.484202e+067 5.276367e012  12 6 3 3 2 2 2 1 1 1 1 1 1 1 1 1 1 1 (34) 
   841 1.626074e+067 5.411659e012   9 6 3 3 2 2 1 1 1 1 1 1 1 1 1 1 1 1 (35) 
   842 1.762489e+067 5.479305e012   8 6 3 3 2 2 2 2 1 1 1 1 1 1 1 1 1 1 (34) 
   843 1.855252e+067 5.580773e012  10 6 4 3 2 2 2 1 1 1 1 1 1 1 1 1 1 1 (34) 
   844 2.349986e+067 5.740224e012  10 5 3 3 2 2 2 2 1 1 1 1 1 1 1 1 1 1 (34) 
   845 2.710123e+067 5.798206e012   9 5 4 3 2 2 1 1 1 1 1 1 1 1 1 1 1 1 (35) 
   846 2.937482e+067 5.870683e012   8 5 4 3 2 2 2 2 1 1 1 1 1 1 1 1 1 1 (34) 
   847 3.252148e+067 5.952825e012  10 6 3 3 2 2 1 1 1 1 1 1 1 1 1 1 1 1 (35) 
   848 3.524979e+067 6.088116e012   9 6 3 3 2 2 2 2 1 1 1 1 1 1 1 1 1 1 (34) 
   849 4.607209e+067 6.262062e012   8 5 3 3 2 2 2 1 1 1 1 1 1 1 1 1 1 1 (35) 
   850 5.035684e+067 6.278370e012  10 6 4 2 2 2 2 2 1 1 1 1 1 1 1 1 1 1 (34) 
   851 5.420246e+067 6.378026e012  10 5 4 3 2 2 1 1 1 1 1 1 1 1 1 1 1 1 (35) 
   852 5.874965e+067 6.522982e012   9 5 4 3 2 2 2 2 1 1 1 1 1 1 1 1 1 1 (34) 
   853 7.049958e+067 6.696928e012  10 6 3 3 2 2 2 2 1 1 1 1 1 1 1 1 1 1 (34) 
   854 8.130369e+067 6.764573e012   9 6 4 3 2 2 1 1 1 1 1 1 1 1 1 1 1 1 (35) 
   855 8.812447e+067 6.849131e012   8 6 4 3 2 2 2 2 1 1 1 1 1 1 1 1 1 1 (34) 
   856 9.214418e+067 6.957847e012   9 5 3 3 2 2 2 1 1 1 1 1 1 1 1 1 1 1 (35) 
   857 1.174993e+068 7.175280e012  10 5 4 3 2 2 2 2 1 1 1 1 1 1 1 1 1 1 (34) 
   858 1.382163e+068 7.305739e012   8 6 3 3 2 2 2 1 1 1 1 1 1 1 1 1 1 1 (35) 
   859 1.626074e+068 7.441031e012  10 6 4 3 2 2 1 1 1 1 1 1 1 1 1 1 1 1 (35) 
   860 1.762489e+068 7.610145e012   9 6 4 3 2 2 2 2 1 1 1 1 1 1 1 1 1 1 (34) 
   861 1.842884e+068 7.653632e012  10 5 3 3 2 2 2 1 1 1 1 1 1 1 1 1 1 1 (35) 
   862 2.303605e+068 7.827578e012   8 5 4 3 2 2 2 1 1 1 1 1 1 1 1 1 1 1 (35) 
   863 2.764326e+068 8.117488e012   9 6 3 3 2 2 2 1 1 1 1 1 1 1 1 1 1 1 (35) 
   864 3.524979e+068 8.371160e012  10 6 4 3 2 2 2 2 1 1 1 1 1 1 1 1 1 1 (34) 
   865 4.607209e+068 8.697309e012   9 5 4 3 2 2 2 1 1 1 1 1 1 1 1 1 1 1 (35) 
   866 5.528651e+068 8.929237e012  10 6 3 3 2 2 2 1 1 1 1 1 1 1 1 1 1 1 (35) 
   867 6.910814e+068 9.132174e012   8 6 4 3 2 2 2 1 1 1 1 1 1 1 1 1 1 1 (35) 
   868 8.184572e+068 9.277129e012   9 5 3 3 2 2 1 1 1 1 1 1 1 1 1 1 1 1 (36) 
   869 8.753698e+068 9.393093e012   8 5 3 3 2 2 2 2 1 1 1 1 1 1 1 1 1 1 (35) 
   870 9.214418e+068 9.567040e012  10 5 4 3 2 2 2 1 1 1 1 1 1 1 1 1 1 1 (35) 
   871 1.105730e+069 9.740986e012  11 6 3 3 2 2 2 1 1 1 1 1 1 1 1 1 1 1 (35) 
   872 1.250528e+069 9.784472e012   9 5 4 2 2 2 2 2 1 1 1 1 1 1 1 1 1 1 (35) 
   873 1.382163e+069 1.014686e013   9 6 4 3 2 2 2 1 1 1 1 1 1 1 1 1 1 1 (35) 
   874 1.636914e+069 1.020484e013  10 5 3 3 2 2 1 1 1 1 1 1 1 1 1 1 1 1 (36) 
   875 1.750740e+069 1.043677e013   9 5 3 3 2 2 2 2 1 1 1 1 1 1 1 1 1 1 (35) 
   876 2.211460e+069 1.055273e013  12 6 3 3 2 2 2 1 1 1 1 1 1 1 1 1 1 1 (35) 
   877 2.455372e+069 1.082332e013   9 6 3 3 2 2 1 1 1 1 1 1 1 1 1 1 1 1 (36) 
   878 2.626109e+069 1.095861e013   8 6 3 3 2 2 2 2 1 1 1 1 1 1 1 1 1 1 (35) 
   879 2.764326e+069 1.116155e013  10 6 4 3 2 2 2 1 1 1 1 1 1 1 1 1 1 1 (35) 
   880 3.501479e+069 1.148045e013  10 5 3 3 2 2 2 2 1 1 1 1 1 1 1 1 1 1 (35) 
   881 4.092286e+069 1.159641e013   9 5 4 3 2 2 1 1 1 1 1 1 1 1 1 1 1 1 (36) 
   882 4.376849e+069 1.174137e013   8 5 4 3 2 2 2 2 1 1 1 1 1 1 1 1 1 1 (35) 
   883 4.910743e+069 1.190565e013  10 6 3 3 2 2 1 1 1 1 1 1 1 1 1 1 1 1 (36) 
   884 5.252219e+069 1.217623e013   9 6 3 3 2 2 2 2 1 1 1 1 1 1 1 1 1 1 (35) 
   885 6.956886e+069 1.252412e013   8 5 3 3 2 2 2 1 1 1 1 1 1 1 1 1 1 1 (36) 
   886 7.503169e+069 1.255674e013  10 6 4 2 2 2 2 2 1 1 1 1 1 1 1 1 1 1 (35) 
   887 8.184572e+069 1.275605e013  10 5 4 3 2 2 1 1 1 1 1 1 1 1 1 1 1 1 (36) 
   888 8.753698e+069 1.304596e013   9 5 4 3 2 2 2 2 1 1 1 1 1 1 1 1 1 1 (35) 
   889 1.050444e+070 1.339386e013  10 6 3 3 2 2 2 2 1 1 1 1 1 1 1 1 1 1 (35) 
   890 1.227686e+070 1.352915e013   9 6 4 3 2 2 1 1 1 1 1 1 1 1 1 1 1 1 (36) 
   891 1.313055e+070 1.369826e013   8 6 4 3 2 2 2 2 1 1 1 1 1 1 1 1 1 1 (35) 
   892 1.391377e+070 1.391569e013   9 5 3 3 2 2 2 1 1 1 1 1 1 1 1 1 1 1 (36) 
   893 1.750740e+070 1.435056e013  10 5 4 3 2 2 2 2 1 1 1 1 1 1 1 1 1 1 (35) 
   894 2.087066e+070 1.461148e013   8 6 3 3 2 2 2 1 1 1 1 1 1 1 1 1 1 1 (36) 
   895 2.455372e+070 1.488206e013  10 6 4 3 2 2 1 1 1 1 1 1 1 1 1 1 1 1 (36) 
   896 2.626109e+070 1.522029e013   9 6 4 3 2 2 2 2 1 1 1 1 1 1 1 1 1 1 (35) 
   897 2.782754e+070 1.530726e013  10 5 3 3 2 2 2 1 1 1 1 1 1 1 1 1 1 1 (36) 
   898 3.478443e+070 1.565516e013   8 5 4 3 2 2 2 1 1 1 1 1 1 1 1 1 1 1 (36) 
   899 4.174132e+070 1.623498e013   9 6 3 3 2 2 2 1 1 1 1 1 1 1 1 1 1 1 (36) 

   no       number      divisors    2 3 5 71113171923293137414347535961677173
------------------------------------------------------------------------------
   900 5.252219e+070 1.674232e013  10 6 4 3 2 2 2 2 1 1 1 1 1 1 1 1 1 1 (35) 
   901 6.956886e+070 1.739462e013   9 5 4 3 2 2 2 1 1 1 1 1 1 1 1 1 1 1 (36) 
   902 8.348263e+070 1.785847e013  10 6 3 3 2 2 2 1 1 1 1 1 1 1 1 1 1 1 (36) 
   903 1.043533e+071 1.826435e013   8 6 4 3 2 2 2 1 1 1 1 1 1 1 1 1 1 1 (36) 
   904 1.252239e+071 1.855426e013   9 7 3 3 2 2 2 1 1 1 1 1 1 1 1 1 1 1 (36) 
   905 1.321808e+071 1.878619e013   8 5 3 3 2 2 2 2 1 1 1 1 1 1 1 1 1 1 (36) 
   906 1.391377e+071 1.913408e013  10 5 4 3 2 2 2 1 1 1 1 1 1 1 1 1 1 1 (36) 
   907 1.669653e+071 1.948197e013  11 6 3 3 2 2 2 1 1 1 1 1 1 1 1 1 1 1 (36) 
   908 1.888298e+071 1.956894e013   9 5 4 2 2 2 2 2 1 1 1 1 1 1 1 1 1 1 (36) 
   909 2.087066e+071 2.029372e013   9 6 4 3 2 2 2 1 1 1 1 1 1 1 1 1 1 1 (36) 
   910 2.504479e+071 2.040968e013  10 7 3 3 2 2 2 1 1 1 1 1 1 1 1 1 1 1 (36) 
   911 2.643617e+071 2.087354e013   9 5 3 3 2 2 2 2 1 1 1 1 1 1 1 1 1 1 (36) 
   912 3.339305e+071 2.110547e013  12 6 3 3 2 2 2 1 1 1 1 1 1 1 1 1 1 1 (36) 
   913 3.776595e+071 2.152584e013  10 5 4 2 2 2 2 2 1 1 1 1 1 1 1 1 1 1 (36) 
   914 3.854933e+071 2.164664e013   9 6 3 3 2 2 1 1 1 1 1 1 1 1 1 1 1 1 (37) 
   915 3.965425e+071 2.191722e013   8 6 3 3 2 2 2 2 1 1 1 1 1 1 1 1 1 1 (36) 
   916 4.174132e+071 2.232309e013  10 6 4 3 2 2 2 1 1 1 1 1 1 1 1 1 1 1 (36) 
   917 5.287233e+071 2.296090e013  10 5 3 3 2 2 2 2 1 1 1 1 1 1 1 1 1 1 (36) 
   918 6.261197e+071 2.319282e013   9 7 4 3 2 2 2 1 1 1 1 1 1 1 1 1 1 1 (36) 
   919 6.609042e+071 2.348273e013   8 5 4 3 2 2 2 2 1 1 1 1 1 1 1 1 1 1 (36) 
   920 7.709867e+071 2.381130e013  10 6 3 3 2 2 1 1 1 1 1 1 1 1 1 1 1 1 (37) 
   921 7.930850e+071 2.435246e013   9 6 3 3 2 2 2 2 1 1 1 1 1 1 1 1 1 1 (36) 
   922 1.057447e+072 2.504825e013  11 5 3 3 2 2 2 2 1 1 1 1 1 1 1 1 1 1 (36) 
   923 1.132979e+072 2.511348e013  10 6 4 2 2 2 2 2 1 1 1 1 1 1 1 1 1 1 (36) 
   924 1.252239e+072 2.551211e013  10 7 4 3 2 2 2 1 1 1 1 1 1 1 1 1 1 1 (36) 
   925 1.321808e+072 2.609193e013   9 5 4 3 2 2 2 2 1 1 1 1 1 1 1 1 1 1 (36) 
   926 1.586170e+072 2.678771e013  10 6 3 3 2 2 2 2 1 1 1 1 1 1 1 1 1 1 (36) 
   927 1.927467e+072 2.705829e013   9 6 4 3 2 2 1 1 1 1 1 1 1 1 1 1 1 1 (37) 
   928 1.982712e+072 2.739652e013   8 6 4 3 2 2 2 2 1 1 1 1 1 1 1 1 1 1 (36) 
   929 2.184462e+072 2.783139e013   9 5 3 3 2 2 2 1 1 1 1 1 1 1 1 1 1 1 (37) 
   930 2.643617e+072 2.870112e013  10 5 4 3 2 2 2 2 1 1 1 1 1 1 1 1 1 1 (36) 
   931 3.172340e+072 2.922296e013  11 6 3 3 2 2 2 2 1 1 1 1 1 1 1 1 1 1 (36) 
   932 3.854933e+072 2.976412e013  10 6 4 3 2 2 1 1 1 1 1 1 1 1 1 1 1 1 (37) 
   933 3.965425e+072 3.044058e013   9 6 4 3 2 2 2 2 1 1 1 1 1 1 1 1 1 1 (36) 
   934 4.368924e+072 3.061453e013  10 5 3 3 2 2 2 1 1 1 1 1 1 1 1 1 1 1 (37) 
   935 5.287233e+072 3.131031e013  11 5 4 3 2 2 2 2 1 1 1 1 1 1 1 1 1 1 (36) 
   936 6.344680e+072 3.165820e013  12 6 3 3 2 2 2 2 1 1 1 1 1 1 1 1 1 1 (36) 
   937 6.553387e+072 3.246995e013   9 6 3 3 2 2 2 1 1 1 1 1 1 1 1 1 1 1 (37) 
   938 7.930850e+072 3.348464e013  10 6 4 3 2 2 2 2 1 1 1 1 1 1 1 1 1 1 (36) 
   939 1.057447e+073 3.391950e013  12 5 4 3 2 2 2 2 1 1 1 1 1 1 1 1 1 1 (36) 
   940 1.092231e+073 3.478924e013   9 5 4 3 2 2 2 1 1 1 1 1 1 1 1 1 1 1 (37) 
   941 1.310677e+073 3.571695e013  10 6 3 3 2 2 2 1 1 1 1 1 1 1 1 1 1 1 (37) 
   942 1.586170e+073 3.652870e013  11 6 4 3 2 2 2 2 1 1 1 1 1 1 1 1 1 1 (36) 
   943 1.966016e+073 3.710852e013   9 7 3 3 2 2 2 1 1 1 1 1 1 1 1 1 1 1 (37) 
   944 2.075239e+073 3.757237e013   8 5 3 3 2 2 2 2 1 1 1 1 1 1 1 1 1 1 (37) 
   945 2.184462e+073 3.826816e013  10 5 4 3 2 2 2 1 1 1 1 1 1 1 1 1 1 1 (37) 
   946 2.621355e+073 3.896394e013  11 6 3 3 2 2 2 1 1 1 1 1 1 1 1 1 1 1 (37) 
   947 2.964627e+073 3.913789e013   9 5 4 2 2 2 2 2 1 1 1 1 1 1 1 1 1 1 (37) 
   948 3.172340e+073 3.957275e013  12 6 4 3 2 2 2 2 1 1 1 1 1 1 1 1 1 1 (36) 
   949 3.276693e+073 4.058744e013   9 6 4 3 2 2 2 1 1 1 1 1 1 1 1 1 1 1 (37) 
   950 3.932032e+073 4.081937e013  10 7 3 3 2 2 2 1 1 1 1 1 1 1 1 1 1 1 (37) 
   951 4.150478e+073 4.174708e013   9 5 3 3 2 2 2 2 1 1 1 1 1 1 1 1 1 1 (37) 
   952 5.242709e+073 4.221094e013  12 6 3 3 2 2 2 1 1 1 1 1 1 1 1 1 1 1 (37) 
   953 5.929254e+073 4.305168e013  10 5 4 2 2 2 2 2 1 1 1 1 1 1 1 1 1 1 (37) 
   954 6.225717e+073 4.383444e013   8 6 3 3 2 2 2 2 1 1 1 1 1 1 1 1 1 1 (37) 
   955 6.553387e+073 4.464619e013  10 6 4 3 2 2 2 1 1 1 1 1 1 1 1 1 1 1 (37) 
   956 8.300956e+073 4.592179e013  10 5 3 3 2 2 2 2 1 1 1 1 1 1 1 1 1 1 (37) 
   957 9.830080e+073 4.638565e013   9 7 4 3 2 2 2 1 1 1 1 1 1 1 1 1 1 1 (37) 
   958 1.037620e+074 4.696547e013   8 5 4 3 2 2 2 2 1 1 1 1 1 1 1 1 1 1 (37) 
   959 1.245143e+074 4.870493e013   9 6 3 3 2 2 2 2 1 1 1 1 1 1 1 1 1 1 (37) 

   no       number      divisors    2 3 5 71113171923293137414347535961677173
------------------------------------------------------------------------------
   960 1.660191e+074 5.009650e013  11 5 3 3 2 2 2 2 1 1 1 1 1 1 1 1 1 1 (37) 
   961 1.778776e+074 5.022696e013  10 6 4 2 2 2 2 2 1 1 1 1 1 1 1 1 1 1 (37) 
   962 1.966016e+074 5.102421e013  10 7 4 3 2 2 2 1 1 1 1 1 1 1 1 1 1 1 (37) 
   963 2.075239e+074 5.218385e013   9 5 4 3 2 2 2 2 1 1 1 1 1 1 1 1 1 1 (37) 
   964 2.490287e+074 5.357542e013  10 6 3 3 2 2 2 2 1 1 1 1 1 1 1 1 1 1 (37) 
   965 3.112859e+074 5.479305e013   8 6 4 3 2 2 2 2 1 1 1 1 1 1 1 1 1 1 (37) 
   966 3.560673e+074 5.566278e013   9 5 3 3 2 2 2 1 1 1 1 1 1 1 1 1 1 1 (38) 
   967 4.150478e+074 5.740224e013  10 5 4 3 2 2 2 2 1 1 1 1 1 1 1 1 1 1 (37) 
   968 4.980574e+074 5.844591e013  11 6 3 3 2 2 2 2 1 1 1 1 1 1 1 1 1 1 (37) 
   969 6.225717e+074 6.088116e013   9 6 4 3 2 2 2 2 1 1 1 1 1 1 1 1 1 1 (37) 
   970 7.121347e+074 6.122905e013  10 5 3 3 2 2 2 1 1 1 1 1 1 1 1 1 1 1 (38) 
   971 8.300956e+074 6.262062e013  11 5 4 3 2 2 2 2 1 1 1 1 1 1 1 1 1 1 (37) 
   972 9.961148e+074 6.331641e013  12 6 3 3 2 2 2 2 1 1 1 1 1 1 1 1 1 1 (37) 
   973 1.068202e+075 6.493991e013   9 6 3 3 2 2 2 1 1 1 1 1 1 1 1 1 1 1 (38) 
   974 1.245143e+075 6.696928e013  10 6 4 3 2 2 2 2 1 1 1 1 1 1 1 1 1 1 (37) 
   975 1.660191e+075 6.783901e013  12 5 4 3 2 2 2 2 1 1 1 1 1 1 1 1 1 1 (37) 
   976 1.780337e+075 6.957847e013   9 5 4 3 2 2 2 1 1 1 1 1 1 1 1 1 1 1 (38) 
   977 2.136404e+075 7.143390e013  10 6 3 3 2 2 2 1 1 1 1 1 1 1 1 1 1 1 (38) 
   978 2.490287e+075 7.305739e013  11 6 4 3 2 2 2 2 1 1 1 1 1 1 1 1 1 1 (37) 
   979 3.204606e+075 7.421703e013   9 7 3 3 2 2 2 1 1 1 1 1 1 1 1 1 1 1 (38) 
   980 3.382640e+075 7.514475e013   8 5 3 3 2 2 2 2 1 1 1 1 1 1 1 1 1 1 (38) 
   981 3.560673e+075 7.653632e013  10 5 4 3 2 2 2 1 1 1 1 1 1 1 1 1 1 1 (38) 
   982 4.272808e+075 7.792789e013  11 6 3 3 2 2 2 1 1 1 1 1 1 1 1 1 1 1 (38) 
   983 4.773050e+075 7.827578e013   9 5 4 3 2 2 2 2 2 1 1 1 1 1 1 1 1 1 (37) 
   984 4.980574e+075 7.914551e013  12 6 4 3 2 2 2 2 1 1 1 1 1 1 1 1 1 1 (37) 
   985 5.341010e+075 8.117488e013   9 6 4 3 2 2 2 1 1 1 1 1 1 1 1 1 1 1 (38) 
   986 6.409212e+075 8.163874e013  10 7 3 3 2 2 2 1 1 1 1 1 1 1 1 1 1 1 (38) 
   987 6.765279e+075 8.349416e013   9 5 3 3 2 2 2 2 1 1 1 1 1 1 1 1 1 1 (38) 
   988 8.545616e+075 8.442188e013  12 6 3 3 2 2 2 1 1 1 1 1 1 1 1 1 1 1 (38) 
   989 9.546100e+075 8.610336e013  10 5 4 3 2 2 2 2 2 1 1 1 1 1 1 1 1 1 (37) 
   990 1.014792e+076 8.766887e013   8 6 3 3 2 2 2 2 1 1 1 1 1 1 1 1 1 1 (38) 
   991 1.068202e+076 8.929237e013  10 6 4 3 2 2 2 1 1 1 1 1 1 1 1 1 1 1 (38) 
   992 1.353056e+076 9.184358e013  10 5 3 3 2 2 2 2 1 1 1 1 1 1 1 1 1 1 (38) 
   993 1.602303e+076 9.277129e013   9 7 4 3 2 2 2 1 1 1 1 1 1 1 1 1 1 1 (38) 
   994 1.691320e+076 9.393093e013   8 5 4 3 2 2 2 2 1 1 1 1 1 1 1 1 1 1 (38) 
   995 2.029584e+076 9.740986e013   9 6 3 3 2 2 2 2 1 1 1 1 1 1 1 1 1 1 (38) 
   996 2.706112e+076 1.001930e014  11 5 3 3 2 2 2 2 1 1 1 1 1 1 1 1 1 1 (38) 
   997 2.863830e+076 1.004539e014  10 6 4 3 2 2 2 2 2 1 1 1 1 1 1 1 1 1 (37) 
   998 3.204606e+076 1.020484e014  10 7 4 3 2 2 2 1 1 1 1 1 1 1 1 1 1 1 (38) 
   999 3.382640e+076 1.043677e014   9 5 4 3 2 2 2 2 1 1 1 1 1 1 1 1 1 1 (38) 
  1000 4.059168e+076 1.071508e014  10 6 3 3 2 2 2 2 1 1 1 1 1 1 1 1 1 1 (38) 
  1001 5.073960e+076 1.095861e014   8 6 4 3 2 2 2 2 1 1 1 1 1 1 1 1 1 1 (38) 
  1002 5.946325e+076 1.113256e014   9 5 3 3 2 2 2 1 1 1 1 1 1 1 1 1 1 1 (39) 
  1003 6.765279e+076 1.148045e014  10 5 4 3 2 2 2 2 1 1 1 1 1 1 1 1 1 1 (38) 
  1004 8.118335e+076 1.168918e014  11 6 3 3 2 2 2 2 1 1 1 1 1 1 1 1 1 1 (38) 
  1005 1.014792e+077 1.217623e014   9 6 4 3 2 2 2 2 1 1 1 1 1 1 1 1 1 1 (38) 
  1006 1.189265e+077 1.224581e014  10 5 3 3 2 2 2 1 1 1 1 1 1 1 1 1 1 1 (39) 
  1007 1.353056e+077 1.252412e014  11 5 4 3 2 2 2 2 1 1 1 1 1 1 1 1 1 1 (38) 
  1008 1.623667e+077 1.266328e014  12 6 3 3 2 2 2 2 1 1 1 1 1 1 1 1 1 1 (38) 
  1009 1.783897e+077 1.298798e014   9 6 3 3 2 2 2 1 1 1 1 1 1 1 1 1 1 1 (39) 
  1010 2.029584e+077 1.339386e014  10 6 4 3 2 2 2 2 1 1 1 1 1 1 1 1 1 1 (38) 
  1011 2.706112e+077 1.356780e014  12 5 4 3 2 2 2 2 1 1 1 1 1 1 1 1 1 1 (38) 
  1012 2.973162e+077 1.391569e014   9 5 4 3 2 2 2 1 1 1 1 1 1 1 1 1 1 1 (39) 
  1013 3.567795e+077 1.428678e014  10 6 3 3 2 2 2 1 1 1 1 1 1 1 1 1 1 1 (39) 
  1014 4.059168e+077 1.461148e014  11 6 4 3 2 2 2 2 1 1 1 1 1 1 1 1 1 1 (38) 
  1015 5.351692e+077 1.484341e014   9 7 3 3 2 2 2 1 1 1 1 1 1 1 1 1 1 1 (39) 
  1016 5.649008e+077 1.502895e014   8 5 3 3 2 2 2 2 1 1 1 1 1 1 1 1 1 1 (39) 
  1017 5.946325e+077 1.530726e014  10 5 4 3 2 2 2 1 1 1 1 1 1 1 1 1 1 1 (39) 
  1018 7.135589e+077 1.558558e014  11 6 3 3 2 2 2 1 1 1 1 1 1 1 1 1 1 1 (39) 
  1019 7.780071e+077 1.565516e014   9 5 4 3 2 2 2 2 2 1 1 1 1 1 1 1 1 1 (38) 

   no       number      divisors    2 3 5 71113171923293137414347535961677173
------------------------------------------------------------------------------
  1020 8.118335e+077 1.582910e014  12 6 4 3 2 2 2 2 1 1 1 1 1 1 1 1 1 1 (38) 
  1021 8.919487e+077 1.623498e014   9 6 4 3 2 2 2 1 1 1 1 1 1 1 1 1 1 1 (39) 
  1022 1.070338e+078 1.632775e014  10 7 3 3 2 2 2 1 1 1 1 1 1 1 1 1 1 1 (39) 
  1023 1.129802e+078 1.669883e014   9 5 3 3 2 2 2 2 1 1 1 1 1 1 1 1 1 1 (39) 
  1024 1.420709e+078 1.674232e014  10 6 4 4 2 2 2 2 1 1 1 1 1 1 1 1 1 1 (38) 
  1025 1.427118e+078 1.688438e014  12 6 3 3 2 2 2 1 1 1 1 1 1 1 1 1 1 1 (39) 
  1026 1.556014e+078 1.722067e014  10 5 4 3 2 2 2 2 2 1 1 1 1 1 1 1 1 1 (38) 
  1027 1.694702e+078 1.753377e014   8 6 3 3 2 2 2 2 1 1 1 1 1 1 1 1 1 1 (39) 
  1028 1.783897e+078 1.785847e014  10 6 4 3 2 2 2 1 1 1 1 1 1 1 1 1 1 1 (39) 
  1029 2.259603e+078 1.836872e014  10 5 3 3 2 2 2 2 1 1 1 1 1 1 1 1 1 1 (39) 
  1030 2.675846e+078 1.855426e014   9 7 4 3 2 2 2 1 1 1 1 1 1 1 1 1 1 1 (39) 
  1031 2.824504e+078 1.878619e014   8 5 4 3 2 2 2 2 1 1 1 1 1 1 1 1 1 1 (39) 
  1032 3.389405e+078 1.948197e014   9 6 3 3 2 2 2 2 1 1 1 1 1 1 1 1 1 1 (39) 
  1033 4.519207e+078 2.003860e014  11 5 3 3 2 2 2 2 1 1 1 1 1 1 1 1 1 1 (39) 
  1034 4.668043e+078 2.009078e014  10 6 4 3 2 2 2 2 2 1 1 1 1 1 1 1 1 1 (38) 
  1035 5.351692e+078 2.040968e014  10 7 4 3 2 2 2 1 1 1 1 1 1 1 1 1 1 1 (39) 
  1036 5.649008e+078 2.087354e014   9 5 4 3 2 2 2 2 1 1 1 1 1 1 1 1 1 1 (39) 
  1037 6.778810e+078 2.143017e014  10 6 3 3 2 2 2 2 1 1 1 1 1 1 1 1 1 1 (39) 
  1038 8.473512e+078 2.191722e014   8 6 4 3 2 2 2 2 1 1 1 1 1 1 1 1 1 1 (39) 
  1039 1.016821e+079 2.226511e014   9 7 3 3 2 2 2 2 1 1 1 1 1 1 1 1 1 1 (39) 
  1040 1.129802e+079 2.296090e014  10 5 4 3 2 2 2 2 1 1 1 1 1 1 1 1 1 1 (39) 
  1041 1.355762e+079 2.337837e014  11 6 3 3 2 2 2 2 1 1 1 1 1 1 1 1 1 1 (39) 
  1042 1.694702e+079 2.435246e014   9 6 4 3 2 2 2 2 1 1 1 1 1 1 1 1 1 1 (39) 
  1043 2.033643e+079 2.449162e014  10 7 3 3 2 2 2 2 1 1 1 1 1 1 1 1 1 1 (39) 
  1044 2.259603e+079 2.504825e014  11 5 4 3 2 2 2 2 1 1 1 1 1 1 1 1 1 1 (39) 
  1045 2.711524e+079 2.532656e014  12 6 3 3 2 2 2 2 1 1 1 1 1 1 1 1 1 1 (39) 
  1046 3.086142e+079 2.597596e014   9 6 3 3 2 2 2 1 1 1 1 1 1 1 1 1 1 1 (40) 
  1047 3.389405e+079 2.678771e014  10 6 4 3 2 2 2 2 1 1 1 1 1 1 1 1 1 1 (39) 
  1048 4.519207e+079 2.713560e014  12 5 4 3 2 2 2 2 1 1 1 1 1 1 1 1 1 1 (39) 
  1049 5.084107e+079 2.783139e014   9 7 4 3 2 2 2 2 1 1 1 1 1 1 1 1 1 1 (39) 
  1050 6.172285e+079 2.857356e014  10 6 3 3 2 2 2 1 1 1 1 1 1 1 1 1 1 1 (40) 
  1051 6.778810e+079 2.922296e014  11 6 4 3 2 2 2 2 1 1 1 1 1 1 1 1 1 1 (39) 
  1052 9.258427e+079 2.968681e014   9 7 3 3 2 2 2 1 1 1 1 1 1 1 1 1 1 1 (40) 
  1053 9.772784e+079 3.005790e014   8 5 3 3 2 2 2 2 1 1 1 1 1 1 1 1 1 1 (40) 
  1054 1.016821e+080 3.061453e014  10 7 4 3 2 2 2 2 1 1 1 1 1 1 1 1 1 1 (39) 
  1055 1.234457e+080 3.117115e014  11 6 3 3 2 2 2 1 1 1 1 1 1 1 1 1 1 1 (40) 
  1056 1.299272e+080 3.131031e014   9 5 4 3 2 2 2 2 2 1 1 1 1 1 1 1 1 1 (39) 
  1057 1.355762e+080 3.165820e014  12 6 4 3 2 2 2 2 1 1 1 1 1 1 1 1 1 1 (39) 
  1058 1.543071e+080 3.246995e014   9 6 4 3 2 2 2 1 1 1 1 1 1 1 1 1 1 1 (40) 
  1059 1.851685e+080 3.265550e014  10 7 3 3 2 2 2 1 1 1 1 1 1 1 1 1 1 1 (40) 
  1060 1.948908e+080 3.287583e014   8 6 4 3 2 2 2 2 2 1 1 1 1 1 1 1 1 1 (39) 
  1061 1.954557e+080 3.339767e014   9 5 3 3 2 2 2 2 1 1 1 1 1 1 1 1 1 1 (40) 
  1062 2.372583e+080 3.348464e014  10 6 4 4 2 2 2 2 1 1 1 1 1 1 1 1 1 1 (39) 
  1063 2.468914e+080 3.376875e014  12 6 3 3 2 2 2 1 1 1 1 1 1 1 1 1 1 1 (40) 
  1064 2.598544e+080 3.444134e014  10 5 4 3 2 2 2 2 2 1 1 1 1 1 1 1 1 1 (39) 
  1065 2.931835e+080 3.506755e014   8 6 3 3 2 2 2 2 1 1 1 1 1 1 1 1 1 1 (40) 
  1066 3.086142e+080 3.571695e014  10 6 4 3 2 2 2 1 1 1 1 1 1 1 1 1 1 1 (40) 
  1067 3.897816e+080 3.652870e014   9 6 4 3 2 2 2 2 2 1 1 1 1 1 1 1 1 1 (39) 
  1068 3.909114e+080 3.673743e014  10 5 3 3 2 2 2 2 1 1 1 1 1 1 1 1 1 1 (40) 
  1069 4.629214e+080 3.710852e014   9 7 4 3 2 2 2 1 1 1 1 1 1 1 1 1 1 1 (40) 
  1070 4.886392e+080 3.757237e014   8 5 4 3 2 2 2 2 1 1 1 1 1 1 1 1 1 1 (40) 
  1071 5.863671e+080 3.896394e014   9 6 3 3 2 2 2 2 1 1 1 1 1 1 1 1 1 1 (40) 
  1072 7.795631e+080 4.018157e014  10 6 4 3 2 2 2 2 2 1 1 1 1 1 1 1 1 1 (39) 
  1073 9.258427e+080 4.081937e014  10 7 4 3 2 2 2 1 1 1 1 1 1 1 1 1 1 1 (40) 
  1074 9.772784e+080 4.174708e014   9 5 4 3 2 2 2 2 1 1 1 1 1 1 1 1 1 1 (40) 
  1075 1.172734e+081 4.286034e014  10 6 3 3 2 2 2 2 1 1 1 1 1 1 1 1 1 1 (40) 
  1076 1.465918e+081 4.383444e014   8 6 4 3 2 2 2 2 1 1 1 1 1 1 1 1 1 1 (40) 
  1077 1.759101e+081 4.453022e014   9 7 3 3 2 2 2 2 1 1 1 1 1 1 1 1 1 1 (40) 
  1078 1.954557e+081 4.592179e014  10 5 4 3 2 2 2 2 1 1 1 1 1 1 1 1 1 1 (40) 
  1079 2.345468e+081 4.675673e014  11 6 3 3 2 2 2 2 1 1 1 1 1 1 1 1 1 1 (40) 

   no       number      divisors    2 3 5 71113171923293137414347535961677173
------------------------------------------------------------------------------
  1080 2.931835e+081 4.870493e014   9 6 4 3 2 2 2 2 1 1 1 1 1 1 1 1 1 1 (40) 
  1081 3.518202e+081 4.898324e014  10 7 3 3 2 2 2 2 1 1 1 1 1 1 1 1 1 1 (40) 
  1082 3.909114e+081 5.009650e014  11 5 4 3 2 2 2 2 1 1 1 1 1 1 1 1 1 1 (40) 
  1083 4.690936e+081 5.065313e014  12 6 3 3 2 2 2 2 1 1 1 1 1 1 1 1 1 1 (40) 
  1084 5.524195e+081 5.195192e014   9 6 3 3 2 2 2 1 1 1 1 1 1 1 1 1 1 1 (41) 
  1085 5.863671e+081 5.357542e014  10 6 4 3 2 2 2 2 1 1 1 1 1 1 1 1 1 1 (40) 
  1086 7.818227e+081 5.427121e014  12 5 4 3 2 2 2 2 1 1 1 1 1 1 1 1 1 1 (40) 
  1087 8.795506e+081 5.566278e014   9 7 4 3 2 2 2 2 1 1 1 1 1 1 1 1 1 1 (40) 
  1088 1.104839e+082 5.714712e014  10 6 3 3 2 2 2 1 1 1 1 1 1 1 1 1 1 1 (41) 
  1089 1.172734e+082 5.844591e014  11 6 4 3 2 2 2 2 1 1 1 1 1 1 1 1 1 1 (40) 
  1090 1.657258e+082 5.937363e014   9 7 3 3 2 2 2 1 1 1 1 1 1 1 1 1 1 1 (41) 
  1091 1.749328e+082 6.011580e014   8 5 3 3 2 2 2 2 1 1 1 1 1 1 1 1 1 1 (41) 
  1092 1.759101e+082 6.122905e014  10 7 4 3 2 2 2 2 1 1 1 1 1 1 1 1 1 1 (40) 
  1093 2.209678e+082 6.234231e014  11 6 3 3 2 2 2 1 1 1 1 1 1 1 1 1 1 1 (41) 
  1094 2.247740e+082 6.262062e014   9 5 4 3 2 2 2 2 2 1 1 1 1 1 1 1 1 1 (40) 
  1095 2.345468e+082 6.331641e014  12 6 4 3 2 2 2 2 1 1 1 1 1 1 1 1 1 1 (40) 
  1096 2.697288e+082 6.429051e014  10 6 3 3 2 2 2 2 2 1 1 1 1 1 1 1 1 1 (40) 
  1097 2.762097e+082 6.493991e014   9 6 4 3 2 2 2 1 1 1 1 1 1 1 1 1 1 1 (41) 
  1098 3.314517e+082 6.531099e014  10 7 3 3 2 2 2 1 1 1 1 1 1 1 1 1 1 1 (41) 
  1099 3.371611e+082 6.575165e014   8 6 4 3 2 2 2 2 2 1 1 1 1 1 1 1 1 1 (40) 
  1100 3.498657e+082 6.679533e014   9 5 3 3 2 2 2 2 1 1 1 1 1 1 1 1 1 1 (41) 
  1101 4.104569e+082 6.696928e014  10 6 4 4 2 2 2 2 1 1 1 1 1 1 1 1 1 1 (40) 
  1102 4.419356e+082 6.753750e014  12 6 3 3 2 2 2 1 1 1 1 1 1 1 1 1 1 1 (41) 
  1103 4.495481e+082 6.888269e014  10 5 4 3 2 2 2 2 2 1 1 1 1 1 1 1 1 1 (40) 
  1104 5.247985e+082 7.013510e014   8 6 3 3 2 2 2 2 1 1 1 1 1 1 1 1 1 1 (41) 
  1105 5.524195e+082 7.143390e014  10 6 4 3 2 2 2 1 1 1 1 1 1 1 1 1 1 1 (41) 
  1106 6.743221e+082 7.305739e014   9 6 4 3 2 2 2 2 2 1 1 1 1 1 1 1 1 1 (40) 
  1107 6.997314e+082 7.347486e014  10 5 3 3 2 2 2 2 1 1 1 1 1 1 1 1 1 1 (41) 
  1108 8.286292e+082 7.421703e014   9 7 4 3 2 2 2 1 1 1 1 1 1 1 1 1 1 1 (41) 
  1109 8.746642e+082 7.514475e014   8 5 4 3 2 2 2 2 1 1 1 1 1 1 1 1 1 1 (41) 
  1110 1.049597e+083 7.792789e014   9 6 3 3 2 2 2 2 1 1 1 1 1 1 1 1 1 1 (41) 
  1111 1.348644e+083 8.036313e014  10 6 4 3 2 2 2 2 2 1 1 1 1 1 1 1 1 1 (40) 
  1112 1.657258e+083 8.163874e014  10 7 4 3 2 2 2 1 1 1 1 1 1 1 1 1 1 1 (41) 
  1113 1.749328e+083 8.349416e014   9 5 4 3 2 2 2 2 1 1 1 1 1 1 1 1 1 1 (41) 
  1114 2.099194e+083 8.572068e014  10 6 3 3 2 2 2 2 1 1 1 1 1 1 1 1 1 1 (41) 
  1115 2.623993e+083 8.766887e014   8 6 4 3 2 2 2 2 1 1 1 1 1 1 1 1 1 1 (41) 
  1116 3.148791e+083 8.906044e014   9 7 3 3 2 2 2 2 1 1 1 1 1 1 1 1 1 1 (41) 
  1117 3.498657e+083 9.184358e014  10 5 4 3 2 2 2 2 1 1 1 1 1 1 1 1 1 1 (41) 
  1118 4.198388e+083 9.351346e014  11 6 3 3 2 2 2 2 1 1 1 1 1 1 1 1 1 1 (41) 
  1119 5.247985e+083 9.740986e014   9 6 4 3 2 2 2 2 1 1 1 1 1 1 1 1 1 1 (41) 
  1120 6.297582e+083 9.796649e014  10 7 3 3 2 2 2 2 1 1 1 1 1 1 1 1 1 1 (41) 
  1121 6.997314e+083 1.001930e015  11 5 4 3 2 2 2 2 1 1 1 1 1 1 1 1 1 1 (41) 
  1122 8.396776e+083 1.013063e015  12 6 3 3 2 2 2 2 1 1 1 1 1 1 1 1 1 1 (41) 
  1123 9.998793e+083 1.039038e015   9 6 3 3 2 2 2 1 1 1 1 1 1 1 1 1 1 1 (42) 
  1124 1.049597e+084 1.071508e015  10 6 4 3 2 2 2 2 1 1 1 1 1 1 1 1 1 1 (41) 
  1125 1.399463e+084 1.085424e015  12 5 4 3 2 2 2 2 1 1 1 1 1 1 1 1 1 1 (41) 
  1126 1.574396e+084 1.113256e015   9 7 4 3 2 2 2 2 1 1 1 1 1 1 1 1 1 1 (41) 
  1127 1.999759e+084 1.142942e015  10 6 3 3 2 2 2 1 1 1 1 1 1 1 1 1 1 1 (42) 
  1128 2.099194e+084 1.168918e015  11 6 4 3 2 2 2 2 1 1 1 1 1 1 1 1 1 1 (41) 
  1129 2.999638e+084 1.187473e015   9 7 3 3 2 2 2 1 1 1 1 1 1 1 1 1 1 1 (42) 
  1130 3.148791e+084 1.224581e015  10 7 4 3 2 2 2 2 1 1 1 1 1 1 1 1 1 1 (41) 
  1131 3.999517e+084 1.246846e015  11 6 3 3 2 2 2 1 1 1 1 1 1 1 1 1 1 1 (42) 
  1132 4.023455e+084 1.252412e015   9 5 4 3 2 2 2 2 2 1 1 1 1 1 1 1 1 1 (41) 
  1133 4.198388e+084 1.266328e015  12 6 4 3 2 2 2 2 1 1 1 1 1 1 1 1 1 1 (41) 
  1134 4.828146e+084 1.285810e015  10 6 3 3 2 2 2 2 2 1 1 1 1 1 1 1 1 1 (41) 
  1135 4.999396e+084 1.298798e015   9 6 4 3 2 2 2 1 1 1 1 1 1 1 1 1 1 1 (42) 
  1136 5.999276e+084 1.306220e015  10 7 3 3 2 2 2 1 1 1 1 1 1 1 1 1 1 1 (42) 
  1137 6.035183e+084 1.315033e015   8 6 4 3 2 2 2 2 2 1 1 1 1 1 1 1 1 1 (41) 
  1138 6.297582e+084 1.335907e015  11 7 4 3 2 2 2 2 1 1 1 1 1 1 1 1 1 1 (41) 
  1139 7.347179e+084 1.339386e015  10 6 4 4 2 2 2 2 1 1 1 1 1 1 1 1 1 1 (41) 

   no       number      divisors    2 3 5 71113171923293137414347535961677173
------------------------------------------------------------------------------
  1140 7.999034e+084 1.350750e015  12 6 3 3 2 2 2 1 1 1 1 1 1 1 1 1 1 1 (42) 
  1141 8.046911e+084 1.377654e015  10 5 4 3 2 2 2 2 2 1 1 1 1 1 1 1 1 1 (41) 
  1142 9.498853e+084 1.402702e015   8 6 3 3 2 2 2 2 1 1 1 1 1 1 1 1 1 1 (42) 
  1143 9.998793e+084 1.428678e015  10 6 4 3 2 2 2 1 1 1 1 1 1 1 1 1 1 1 (42) 
  1144 1.207037e+085 1.461148e015   9 6 4 3 2 2 2 2 2 1 1 1 1 1 1 1 1 1 (41) 
  1145 1.266514e+085 1.469497e015  10 5 3 3 2 2 2 2 1 1 1 1 1 1 1 1 1 1 (42) 
  1146 1.499819e+085 1.484341e015   9 7 4 3 2 2 2 1 1 1 1 1 1 1 1 1 1 1 (42) 
  1147 1.583142e+085 1.502895e015   8 5 4 3 2 2 2 2 1 1 1 1 1 1 1 1 1 1 (42) 
  1148 1.899771e+085 1.558558e015   9 6 3 3 2 2 2 2 1 1 1 1 1 1 1 1 1 1 (42) 
  1149 2.414073e+085 1.607263e015  10 6 4 3 2 2 2 2 2 1 1 1 1 1 1 1 1 1 (41) 
  1150 2.999638e+085 1.632775e015  10 7 4 3 2 2 2 1 1 1 1 1 1 1 1 1 1 1 (42) 
  1151 3.166284e+085 1.669883e015   9 5 4 3 2 2 2 2 1 1 1 1 1 1 1 1 1 1 (42) 
  1152 3.799541e+085 1.714414e015  10 6 3 3 2 2 2 2 1 1 1 1 1 1 1 1 1 1 (42) 
  1153 4.749427e+085 1.753377e015   8 6 4 3 2 2 2 2 1 1 1 1 1 1 1 1 1 1 (42) 
  1154 5.699312e+085 1.781209e015   9 7 3 3 2 2 2 2 1 1 1 1 1 1 1 1 1 1 (42) 
  1155 6.332569e+085 1.836872e015  10 5 4 3 2 2 2 2 1 1 1 1 1 1 1 1 1 1 (42) 
  1156 7.599083e+085 1.870269e015  11 6 3 3 2 2 2 2 1 1 1 1 1 1 1 1 1 1 (42) 
  1157 9.498853e+085 1.948197e015   9 6 4 3 2 2 2 2 1 1 1 1 1 1 1 1 1 1 (42) 
  1158 1.139862e+086 1.959330e015  10 7 3 3 2 2 2 2 1 1 1 1 1 1 1 1 1 1 (42) 
  1159 1.266514e+086 2.003860e015  11 5 4 3 2 2 2 2 1 1 1 1 1 1 1 1 1 1 (42) 
  1160 1.519817e+086 2.026125e015  12 6 3 3 2 2 2 2 1 1 1 1 1 1 1 1 1 1 (42) 
  1161 1.899771e+086 2.143017e015  10 6 4 3 2 2 2 2 1 1 1 1 1 1 1 1 1 1 (42) 
  1162 2.533028e+086 2.170848e015  12 5 4 3 2 2 2 2 1 1 1 1 1 1 1 1 1 1 (42) 
  1163 2.849656e+086 2.226511e015   9 7 4 3 2 2 2 2 1 1 1 1 1 1 1 1 1 1 (42) 
  1164 3.641227e+086 2.254342e015   8 5 4 3 2 2 2 2 2 1 1 1 1 1 1 1 1 1 (42) 
  1165 3.799541e+086 2.337837e015  11 6 4 3 2 2 2 2 1 1 1 1 1 1 1 1 1 1 (42) 
  1166 5.699312e+086 2.449162e015  10 7 4 3 2 2 2 2 1 1 1 1 1 1 1 1 1 1 (42) 
  1167 7.282454e+086 2.504825e015   9 5 4 3 2 2 2 2 2 1 1 1 1 1 1 1 1 1 (42) 
  1168 7.599083e+086 2.532656e015  12 6 4 3 2 2 2 2 1 1 1 1 1 1 1 1 1 1 (42) 
  1169 8.738945e+086 2.571620e015  10 6 3 3 2 2 2 2 2 1 1 1 1 1 1 1 1 1 (42) 
  1170 9.548847e+086 2.597596e015   9 6 4 3 2 2 2 1 1 1 1 1 1 1 1 1 1 1 (43) 
  1171 1.092368e+087 2.630066e015   8 6 4 3 2 2 2 2 2 1 1 1 1 1 1 1 1 1 (42) 
  1172 1.139862e+087 2.671813e015  11 7 4 3 2 2 2 2 1 1 1 1 1 1 1 1 1 1 (42) 
  1173 1.329839e+087 2.678771e015  10 6 4 4 2 2 2 2 1 1 1 1 1 1 1 1 1 1 (42) 
  1174 1.456491e+087 2.755307e015  10 5 4 3 2 2 2 2 2 1 1 1 1 1 1 1 1 1 (42) 
  1175 1.747789e+087 2.805404e015  11 6 3 3 2 2 2 2 2 1 1 1 1 1 1 1 1 1 (42) 
  1176 1.909769e+087 2.857356e015  10 6 4 3 2 2 2 1 1 1 1 1 1 1 1 1 1 1 (43) 
  1177 2.184736e+087 2.922296e015   9 6 4 3 2 2 2 2 2 1 1 1 1 1 1 1 1 1 (42) 
  1178 2.419041e+087 2.938995e015  10 5 3 3 2 2 2 2 1 1 1 1 1 1 1 1 1 1 (43) 
  1179 2.864654e+087 2.968681e015   9 7 4 3 2 2 2 1 1 1 1 1 1 1 1 1 1 1 (43) 
  1180 2.912982e+087 3.005790e015  11 5 4 3 2 2 2 2 2 1 1 1 1 1 1 1 1 1 (42) 
  1181 3.495578e+087 3.039188e015  12 6 3 3 2 2 2 2 2 1 1 1 1 1 1 1 1 1 (42) 
  1182 3.628562e+087 3.117115e015   9 6 3 3 2 2 2 2 1 1 1 1 1 1 1 1 1 1 (43) 
  1183 4.369472e+087 3.214525e015  10 6 4 3 2 2 2 2 2 1 1 1 1 1 1 1 1 1 (42) 
  1184 5.729308e+087 3.265550e015  10 7 4 3 2 2 2 1 1 1 1 1 1 1 1 1 1 1 (43) 
  1185 6.047603e+087 3.339767e015   9 5 4 3 2 2 2 2 1 1 1 1 1 1 1 1 1 1 (43) 
  1186 7.257124e+087 3.428827e015  10 6 3 3 2 2 2 2 1 1 1 1 1 1 1 1 1 1 (43) 
  1187 8.738945e+087 3.506755e015  11 6 4 3 2 2 2 2 2 1 1 1 1 1 1 1 1 1 (42) 
  1188 1.088569e+088 3.562418e015   9 7 3 3 2 2 2 2 1 1 1 1 1 1 1 1 1 1 (43) 
  1189 1.209521e+088 3.673743e015  10 5 4 3 2 2 2 2 1 1 1 1 1 1 1 1 1 1 (43) 
  1190 1.451425e+088 3.740539e015  11 6 3 3 2 2 2 2 1 1 1 1 1 1 1 1 1 1 (43) 
  1191 1.747789e+088 3.798984e015  12 6 4 3 2 2 2 2 2 1 1 1 1 1 1 1 1 1 (42) 
  1192 1.814281e+088 3.896394e015   9 6 4 3 2 2 2 2 1 1 1 1 1 1 1 1 1 1 (43) 
  1193 2.177137e+088 3.918659e015  10 7 3 3 2 2 2 2 1 1 1 1 1 1 1 1 1 1 (43) 
  1194 2.419041e+088 4.007720e015  11 5 4 3 2 2 2 2 1 1 1 1 1 1 1 1 1 1 (43) 
  1195 2.902850e+088 4.052250e015  12 6 3 3 2 2 2 2 1 1 1 1 1 1 1 1 1 1 (43) 
  1196 3.495578e+088 4.091214e015  13 6 4 3 2 2 2 2 2 1 1 1 1 1 1 1 1 1 (42) 
  1197 3.628562e+088 4.286034e015  10 6 4 3 2 2 2 2 1 1 1 1 1 1 1 1 1 1 (43) 
  1198 4.838083e+088 4.341697e015  12 5 4 3 2 2 2 2 1 1 1 1 1 1 1 1 1 1 (43) 
  1199 5.442843e+088 4.453022e015   9 7 4 3 2 2 2 2 1 1 1 1 1 1 1 1 1 1 (43) 